#1:time pb [s], 2:l0m0 3. l1m-1 4. l1m0 5. l1m1 6. l2m-2 7. l2m-1 8. l2m0 9. l2m1 10. l2m2
1.0000000000e-02 4.2390425645e+03 -5.5761188187e-06 6.4352352638e-06 -5.4767298970e-04 1.5578930245e-06 -7.3622017349e-07 3.2863795784e-01 2.7020761174e-07 1.4992883536e-04
1.1000000000e-02 3.2027564827e+03 -4.0926390110e-06 5.8092108475e-05 -3.1091693485e-04 9.2945915610e-06 -1.5763354482e-06 2.4830239435e-01 -7.2717498745e-06 6.6587188922e-05
1.2000000000e-02 3.4916529562e+03 7.8219365091e-06 1.1394080150e-04 -3.7356404234e-04 1.2852397593e-05 1.6293324769e-06 2.7073250969e-01 -1.6485206068e-05 -2.7528891949e-05
1.3000000000e-02 3.5618539884e+03 -3.0299941824e-05 2.3927714972e-04 -1.8634829922e-04 2.7773550412e-05 3.6890276345e-06 2.7620272312e-01 1.9080654470e-06 2.5217302358e-04
1.4000000000e-02 3.6948571191e+03 -3.5925883616e-05 2.4410351224e-03 -2.9774686805e-04 2.5790436448e-04 4.4809197079e-05 2.8878221262e-01 -8.3340219607e-05 2.3776345430e-02
1.5000000000e-02 3.7322648276e+03 4.6162437323e-05 6.5861324977e-03 -8.2060455241e-04 4.6801698646e-04 3.8285114598e-06 2.8962820996e-01 2.0893776958e-05 -6.9186864558e-04
1.6000000000e-02 3.8196728773e+03 -2.1539076313e-04 8.6301602240e-03 1.0397019090e-02 6.2667042259e-04 3.2528021618e-04 2.9412115526e-01 -5.6814249269e-04 1.6647176560e-02
1.7000000000e-02 3.8068320128e+03 -6.9582849440e-05 7.0844315784e-03 1.3276554453e-03 5.0992045853e-04 1.6121832903e-05 2.9519070402e-01 -3.1492196844e-05 1.6203959758e-05
1.8000000000e-02 3.8644859576e+03 -2.1331361396e-04 1.3315071453e-02 -1.4737431671e-03 9.6805477029e-04 5.7027661554e-05 3.0346692792e-01 -4.6754242269e-04 4.2472820897e-02
1.9000000000e-02 3.8461698271e+03 4.3624704276e-05 1.2468167925e-02 2.9429719988e-03 8.4406472339e-04 -9.6939000966e-06 2.9842367264e-01 -2.8427123438e-04 -2.3317127991e-03
1.9463690432e-02 3.8717716446e+03 7.8837864021e-05 1.3245909552e-02 4.2353935190e-03 9.7872548877e-04 -3.1812310666e-05 3.0031180701e-01 -3.8867756191e-04 -1.7124199117e-03
2.0000000000e-02 3.8993686944e+03 1.5105862329e-05 1.3626062994e-02 4.7581992365e-03 9.9507658173e-04 -5.3475574304e-05 3.0370610932e-01 -6.1694748922e-04 -1.0005248104e-03
2.1000000000e-02 4.0329422414e+03 2.5157190208e-04 3.0310635178e-02 7.6062740115e-03 1.4460842926e-03 -3.8097467674e-04 1.9456223239e-01 -5.1278789666e-03 2.3176953592e-03
2.2000000000e-02 3.9794795301e+03 1.5955290664e-05 1.6424743996e-02 6.3286811773e-03 1.2976424431e-03 4.3352872072e-05 3.0836895254e-01 -9.6514142401e-04 -6.6105883375e-04
2.3000000000e-02 3.9989284014e+03 -1.1360714899e-05 2.0523212981e-02 6.8949744847e-03 1.5793769420e-03 1.3161277203e-05 3.0851424185e-01 -1.4308303295e-03 -4.1992554845e-05
2.4000000000e-02 3.9889635066e+03 -8.4525148200e-05 2.0072085925e-02 7.5489891700e-03 1.6157824138e-03 1.9541137678e-04 3.5236697925e-01 -2.7052069970e-03 -1.3404261718e-03
2.5000000000e-02 3.9879064670e+03 4.7075914043e-05 1.9211561548e-02 -5.2368279819e-03 1.3588923884e-03 -9.9638607826e-05 3.3986595224e-01 5.6685894600e-04 8.2420723249e-03
2.6000000000e-02 4.0074667618e+03 4.4463856565e-04 3.3607206281e-02 5.6147613808e-02 2.5801555863e-03 6.7511995430e-04 1.4917226027e-01 -4.5617902176e-03 -5.1182291089e-02
2.7000000000e-02 4.0382090992e+03 -1.0101780903e-05 2.4231379802e-02 2.1104176714e-04 1.6614193419e-03 1.7423472585e-05 3.0968370757e-01 -2.8366708119e-04 2.5098724479e-03
2.8000000000e-02 4.0587350901e+03 -4.3702037667e-05 2.5382122393e-02 -2.8947303398e-04 1.7726486355e-03 2.5715462744e-05 3.1258331551e-01 -1.6453187987e-06 6.6959844660e-03
2.9000000000e-02 4.0759435595e+03 2.0717916790e-05 2.3785253137e-02 -2.6427837765e-03 1.7023554326e-03 5.4926384563e-05 3.1274931055e-01 3.1775608531e-04 1.9868284266e-03
3.0000000000e-02 4.1016775459e+03 3.8152194923e-04 2.9090946726e-02 -4.0527659319e-02 1.8707836320e-03 1.0177115003e-04 9.7118247735e-02 4.1329075181e-03 -3.8923417572e-02
3.1000000000e-02 4.1232885602e+03 7.0452916694e-04 1.5069890968e-02 -4.1403597523e-02 1.8513641705e-03 1.4508604080e-05 6.4339672993e-01 2.8382293443e-03 -1.4897938170e-01
3.2000000000e-02 4.1335127931e+03 2.5612437371e-03 2.6305426464e-02 -1.4718751676e-03 1.7108127502e-03 2.2920694694e-04 3.2064271959e-01 2.2407971858e-03 1.1775984894e-02
3.3000000000e-02 4.1236381869e+03 3.9362352988e-03 2.3719049741e-02 -1.4810316685e-02 1.0722002713e-03 7.6359440106e-04 2.7032831181e-01 4.1884498397e-03 -2.2345799159e-02
3.4000000000e-02 4.1204403880e+03 9.0375874979e-03 2.3163814418e-02 1.0537013647e-02 1.1429961383e-04 1.6954751296e-03 3.1746331148e-01 5.0238528716e-03 1.4992464993e-02
3.5000000000e-02 4.1418698542e+03 1.6432801975e-02 3.7047824612e-02 7.2075587367e-02 -2.7515271054e-03 5.6004632335e-03 5.2132472685e-02 9.5322937593e-03 -6.1322570948e-01
3.6000000000e-02 4.1467112991e+03 4.9503634446e-02 2.9780936917e-02 2.0430395075e-01 -1.3224373818e-02 1.0857089848e-02 3.0832061810e-01 1.2944889782e-02 -6.9914732696e-02
3.7000000000e-02 4.1570131941e+03 -1.0248774007e-01 7.3866928472e-02 -2.3576729600e-01 -1.3694037547e-01 6.9327236715e-02 2.9786916520e-01 5.4705938363e-02 -6.0464830438e-01
3.8000000000e-02 4.1644714329e+03 -8.5257580710e-01 1.5828133227e-01 -2.5138061090e+00 -5.2606516142e-01 2.4629079136e-01 8.0396581812e-02 1.2803837309e-01 -3.7992081782e+00
3.9000000000e-02 4.1656258691e+03 6.6250927152e+00 -2.3609591217e+00 3.3238227858e+01 6.4076923369e+00 -1.6521541490e+00 3.5689919996e+00 -1.3051553174e+00 2.2326119360e+01
4.0000000000e-02 4.1832964869e+03 -1.1245373178e+01 1.5449706584e+00 -5.6011708836e+01 -5.1111687322e+00 2.5160104231e+00 -1.1226644355e+01 -1.5922822954e-01 -3.5474328088e+01
4.1000000000e-02 4.0705523701e+03 -4.0474396588e-01 -6.7797937587e-01 -9.4970737510e+00 1.5621799806e-01 -5.1230602969e-01 1.4820834645e+00 9.8479736537e-02 -4.6170409339e+00
4.2000000000e-02 4.0430743625e+03 1.1380129788e+00 -3.8288394136e-01 -1.8293873434e+00 7.2459134439e-01 -9.0560362558e-01 2.4093954555e+00 -2.1614869971e-01 4.5213082948e+00
4.3000000000e-02 4.0915952097e+03 5.8749012922e-01 5.6613532587e-01 -2.2504415894e+00 -1.0915319963e+00 1.2024777396e+00 2.4685272848e+00 -2.1586530159e-03 -7.8612929351e+00
4.4000000000e-02 4.0958338017e+03 2.1808829069e+00 9.8988081523e-01 -5.6103966056e-02 -8.7622146091e-01 3.4419884641e-02 6.8163053106e+00 4.2808003637e-01 -2.4615552787e-01
4.5000000000e-02 4.1108888181e+03 -1.6779946739e+00 8.0745270033e-01 4.6058502011e+00 1.8809691248e-01 7.6237425066e-01 2.3189867109e+00 2.4782885271e-01 -1.0342269012e+01
4.6000000000e-02 4.1230469844e+03 1.3330417492e-01 8.8947436997e-02 2.2593917958e+00 -7.3683461905e-01 8.0202824489e-01 1.0457207377e+00 2.7736835226e-01 -1.4711187876e+01
4.7000000000e-02 4.1539497853e+03 -9.4031780211e-01 1.9716900630e+00 -8.0264196408e-01 -1.6029743152e+00 7.7258340132e-01 -9.4816169102e-01 7.8782775946e-01 -2.4787395347e+01
4.8000000000e-02 4.1702194095e+03 -7.8147849467e-01 1.8503829559e+00 1.4833832934e+00 -1.6190947714e+00 2.8171472178e-01 -2.1547433579e+00 6.9016102799e-01 -2.1874211348e+01
4.9000000000e-02 4.1881983551e+03 -6.0103852385e-01 -1.4602256103e+00 2.1734282440e-01 -1.0410292014e+00 -9.7857341273e-01 -4.6225385663e+00 3.7668433493e-01 -1.4285235533e+01
5.0000000000e-02 4.2048286677e+03 1.2975862005e+00 -8.4870743761e-01 -5.8691566102e-01 -1.9227129645e+00 -2.8395608754e+00 -3.9911321409e+00 5.4807975900e-02 -6.3714431519e-01
5.1000000000e-02 4.2227135330e+03 -1.6013475435e+00 3.5603081378e+00 6.4117128287e-01 1.5123439594e+00 -4.6278542537e+00 1.5694695565e+00 2.4135489537e-01 1.5311979530e+01
5.2000000000e-02 4.2340933717e+03 1.1628213460e-01 1.0383133641e+00 -1.7358483534e+00 2.1548347946e+00 -1.0688369140e+00 4.9168945002e+00 -7.3489786307e-01 3.2470142919e+01
5.3000000000e-02 4.2404234702e+03 -3.0349931618e+00 -3.6698589311e+00 -5.3478407100e-01 1.6854323081e+00 -2.4511398620e-01 7.4356218615e+00 -5.0834403244e-01 3.5897974843e+01
5.4000000000e-02 4.2446873391e+03 7.3090590859e-02 2.1434197067e-01 3.0266841385e+00 4.2772622697e-01 4.0260458401e-01 1.0015497019e+01 -7.0688758169e-01 2.8869282655e+01
5.5000000000e-02 4.2551678680e+03 4.1183774743e-01 4.0884362372e+00 2.1091827908e+00 -5.5345785557e-01 1.3858249156e+00 6.3679306257e+00 -2.7082589131e-01 1.9225677338e+01
5.6000000000e-02 4.2589756201e+03 1.1033463888e+00 2.2184337061e+00 1.3997344652e+01 -6.0109265347e-01 4.2251429382e-01 8.6836806741e+00 2.3733989779e+00 8.4473952423e-01
5.7000000000e-02 4.2595679770e+03 -6.9158513475e-01 -5.9850625511e-01 7.0201257378e+00 3.2810981687e-02 2.9230128384e+00 5.2196537019e+00 9.1922470879e-01 -1.6589184434e+01
5.8000000000e-02 4.2629146023e+03 -8.9689855845e-01 -9.3243895084e-01 8.2568093486e+00 -2.1852235705e+00 6.4968053767e-01 1.0753656154e+00 1.0228047158e+00 -2.9550213517e+01
5.9000000000e-02 4.2677710355e+03 -8.3811124818e-01 5.0890052563e-01 1.0292290647e+01 -2.1230241507e+00 -1.3631847882e-01 -3.1577825461e+00 1.1881567219e+00 -2.9809259334e+01
5.9111073516e-02 4.2678013651e+03 -1.0434772961e+00 5.7852323876e-01 9.6120198658e+00 -1.9933768229e+00 -1.8446980733e-01 -4.5309988921e+00 9.8952258158e-01 -2.9303638693e+01
6.0000000000e-02 4.2706689187e+03 -4.6386271622e-01 2.2546280301e+00 1.0141966708e+01 -1.7925721733e+00 6.1179623794e-02 -6.6760762520e+00 7.8437101861e-01 -2.6581102762e+01
6.1000000000e-02 4.2749004558e+03 -2.5398134496e-01 1.8096656957e+00 7.5535658999e+00 -2.5188911671e+00 -1.7207326611e+00 -8.3485415068e+00 4.6163893527e-01 -2.0862280169e+01
6.2000000000e-02 4.2772933649e+03 -1.3466837655e+00 -1.4451747670e+00 8.6928469528e+00 -1.3531390421e-01 2.2920579289e+00 -4.1374738311e+00 5.3061635712e-01 -9.2096607998e+00
6.3000000000e-02 4.2748357882e+03 -1.6598079383e+00 -7.9218686228e-01 3.8027241515e+00 -7.9999520542e-01 5.8397257097e-01 -1.0273876204e+00 8.6188747736e-01 6.6759760018e+00
6.4000000000e-02 4.2801035759e+03 -2.9725783338e+00 1.3597266110e+00 4.9817962879e+00 -4.0242398382e-01 -7.6952682829e-01 1.4415822714e+00 7.7172594537e-01 1.6974185322e+01
6.5000000000e-02 4.2783833629e+03 -2.4440976959e+00 2.4053088293e+00 3.3494946873e+00 -5.9514815891e-01 1.3843720857e-01 5.0753094475e+00 7.6063541423e-02 2.0386542664e+01
6.6000000000e-02 4.2803728895e+03 -1.5916793277e+00 1.7291026110e+00 9.2117578437e-01 -1.1996351008e+00 1.9323309871e-01 9.3015419646e+00 -9.5560786954e-02 2.2163352563e+01
6.7000000000e-02 4.2816927118e+03 -1.5473987863e+00 2.1712632981e-01 3.6848065097e-01 -1.7593082751e+00 9.2485237117e-01 9.8345614581e+00 -4.1340027892e-01 1.9191275008e+01
6.8000000000e-02 4.2830423189e+03 -1.4689033772e+00 4.2737214898e-01 5.8468804753e+00 -9.8091216571e-01 -3.9740856914e-01 1.4175696116e+01 6.7182639023e-01 1.4546368978e+01
6.9000000000e-02 4.2762549308e+03 -2.2792649911e+00 2.8815193988e+00 4.4177627593e+00 -7.5403353400e-01 1.6250062345e+00 1.2421879494e+01 7.8228310168e-01 2.5275258732e+00
7.0000000000e-02 4.2757087804e+03 -2.2008028881e+00 2.0859443692e-01 3.4954382081e+00 -8.4070929609e-01 8.4952725038e-01 1.1118538295e+01 8.6871088989e-01 -5.8651275869e+00
7.1000000000e-02 4.2747921995e+03 -2.1662471246e+00 5.8130495169e-01 3.8765164682e+00 -1.9158846833e+00 9.4356331150e-02 8.9294961730e+00 -4.3046622713e-01 -1.3140057640e+01
7.2000000000e-02 4.2788501901e+03 -1.2784699484e+00 2.4777411251e+00 5.8998515638e+00 -1.0513287738e+00 -1.1723668745e-01 3.1973070161e+00 -8.2570901300e-02 -1.8262812833e+01
7.3000000000e-02 4.2797483412e+03 -2.2274016087e+00 3.4831759888e+00 5.8405555361e+00 -1.0952258598e+00 6.6063757974e-01 -1.5658427991e+00 -1.5808268018e-01 -2.2015629264e+01
7.4000000000e-02 4.2787294072e+03 -1.9311402972e+00 1.9911207233e+00 7.3991025689e+00 -2.6831635190e+00 1.0989180249e+00 -1.0641175492e+00 4.1988496495e-01 -2.1473994553e+01
7.5000000000e-02 4.2803805480e+03 -1.7445785119e+00 3.2973711855e-03 6.8168568519e+00 -8.2632602371e-01 3.0800940083e-01 -1.8827324626e+00 -3.3189543082e-01 -1.6221231072e+01
7.6000000000e-02 4.2800272753e+03 -2.1087209290e+00 -1.0534237281e+00 7.5436864224e+00 -1.9583999483e+00 1.0647617219e+00 -1.0608120102e+00 -1.4280093474e-01 -1.0496811642e+01
7.7000000000e-02 4.2856048449e+03 -2.3312478642e+00 1.4538103576e+00 8.5467203269e+00 -1.2543522407e+00 1.3178570053e+00 -2.5458043147e+00 -8.1003032358e-01 -3.8845655814e+00
7.8000000000e-02 4.2827673139e+03 -1.4448676944e+00 2.3336626860e+00 7.9639397380e+00 -2.2414633698e+00 4.0083247272e-01 -1.5203824944e-01 -8.0268825686e-01 5.5075936300e-01
7.9000000000e-02 4.2824675397e+03 -2.0375694334e+00 -6.7070104697e-02 8.0913976988e+00 -1.4143980062e+00 5.0223172361e-01 6.5068471199e+00 1.2074868565e-01 7.8090139202e+00
8.0000000000e-02 4.2826630586e+03 -2.4504570991e+00 -1.6051079177e+00 7.6982750724e+00 -2.6448222988e+00 6.8672916473e-01 8.5617773518e+00 1.2954755491e+00 6.2717245396e+00
8.1000000000e-02 4.2829873255e+03 -2.5246610087e+00 -1.1366280465e+00 7.1289361241e+00 -1.0951255783e+00 8.3709964933e-01 9.6508911202e+00 2.3135019226e+00 1.0789459410e+01
8.2000000000e-02 4.2821936302e+03 -1.9091539500e+00 8.7564720314e-01 9.7811623207e+00 2.1445797095e-01 1.0294526933e+00 1.0765842946e+01 1.6721876812e+00 1.1083454661e+01
8.3000000000e-02 4.2822978241e+03 -1.5308443346e+00 2.2153365557e+00 8.8657159061e+00 5.7505334488e-02 1.1009388962e+00 1.5129214938e+01 1.4047911930e+00 9.3496495566e+00
8.4000000000e-02 4.2815066787e+03 -2.7627026476e+00 5.1024142933e-02 7.3102358633e+00 6.2478989102e-01 1.2118791239e-01 1.7238552887e+01 -8.4838206266e-01 2.9859456564e+00
8.5000000000e-02 4.2851918679e+03 -2.5617250589e+00 -6.6296965092e-01 7.4591579377e+00 2.3378280427e+00 8.8141277839e-01 1.6140613835e+01 -1.1865935961e+00 -4.1752970408e+00
8.6000000000e-02 4.2868060667e+03 -1.7906972755e+00 1.6237183178e+00 9.4177719320e+00 4.0679180030e+00 6.0379811270e-01 1.2837963665e+01 -7.2397370234e-01 -8.9155528367e+00
8.7000000000e-02 4.2870323743e+03 -2.3029823580e+00 2.3263195735e+00 9.3939552732e+00 4.0738227215e+00 3.6053789235e-01 1.1901674290e+01 -1.1551537470e+00 -1.3861539254e+01
8.8000000000e-02 4.2863271584e+03 -2.6997063386e+00 1.9102267824e+00 1.0629554630e+01 3.6801724113e+00 1.8858962638e+00 1.2162540656e+01 -1.2346894172e+00 -1.7522996932e+01
8.9000000000e-02 4.2838176916e+03 -1.8822763027e+00 8.4941799644e-01 9.7646175963e+00 2.8288155500e+00 1.8431480090e+00 1.3204664753e+01 -1.3056617208e+00 -2.2919118947e+01
9.0000000000e-02 4.2861207430e+03 -1.5857214565e+00 1.4691594145e+00 1.0902957612e+01 2.1393332219e+00 3.3913744377e+00 1.2525320603e+01 -3.2674406066e-01 -2.4501931556e+01
9.1000000000e-02 4.2859644361e+03 -2.5103818391e+00 3.8074404202e+00 1.2547933829e+01 1.1990084894e+00 4.2748474340e+00 1.5065399497e+01 8.4029455845e-01 -2.5090447999e+01
9.2000000000e-02 4.2852710935e+03 -2.1895032452e+00 3.6678335275e+00 1.2604444992e+01 2.0351244099e+00 5.0202279960e+00 1.9411133877e+01 1.3964317227e-01 -2.6086282509e+01
9.3000000000e-02 4.2819940990e+03 -1.5113539745e+00 2.5933481789e+00 1.4101893758e+01 2.4060456235e+00 5.4637642611e+00 2.5682443551e+01 -1.0922144005e-01 -2.7698369399e+01
9.4000000000e-02 4.2798382152e+03 -1.0851112117e+00 2.8015953137e+00 1.6265992386e+01 3.2767892946e+00 6.3049349934e+00 2.8319514842e+01 5.5684463089e-01 -2.6968576430e+01
9.5000000000e-02 4.2798554569e+03 -1.2295316217e+00 5.3390931016e+00 1.6747239717e+01 4.9706653804e+00 5.9132861068e+00 3.0787390604e+01 -1.1243635464e-01 -2.5878911372e+01
9.6000000000e-02 4.2791855045e+03 -8.6783216004e-02 6.0456724513e+00 1.8908085015e+01 6.4685935581e+00 6.2920305342e+00 3.1682560972e+01 -1.7818040073e+00 -2.6213931309e+01
9.7000000000e-02 4.2763331242e+03 -5.1668457841e-02 5.5311912170e+00 2.0043469505e+01 9.9678786655e+00 6.9595856448e+00 3.5821241142e+01 -2.9528685529e+00 -2.8220544442e+01
9.8000000000e-02 4.2735375961e+03 -4.2030433600e-01 4.8791174811e+00 2.0734433662e+01 1.1905260534e+01 7.4078307882e+00 3.6697671416e+01 -4.1028183277e+00 -2.8533894864e+01
9.8607216300e-02 4.2709426400e+03 -1.3406518507e+00 4.9463678630e+00 2.1592637465e+01 1.3077873751e+01 7.9222716624e+00 3.7690508134e+01 -4.2697701436e+00 -2.8388898414e+01
9.9000000000e-02 4.2694979838e+03 -1.2196121855e+00 5.3490639927e+00 2.2823709419e+01 1.3923949465e+01 7.7808018657e+00 3.8309604075e+01 -4.6990555034e+00 -2.8342013753e+01
1.0000000000e-01 4.2662238620e+03 -1.4054761980e+00 6.4236576914e+00 2.5067700987e+01 1.4103109478e+01 6.9240922568e+00 3.9760796699e+01 -5.8704078013e+00 -2.8945438297e+01
1.0100000000e-01 4.2632081391e+03 -1.5808919136e+00 6.9495198995e+00 2.5369479948e+01 1.3717188313e+01 5.0676509224e+00 4.1122157070e+01 -5.7672424765e+00 -2.8747095751e+01
1.0200000000e-01 4.2595614972e+03 -7.5359248560e-01 6.8173550984e+00 2.6597389743e+01 1.1238819663e+01 3.2154271864e+00 3.9675435712e+01 -6.1792769641e+00 -2.7665855128e+01
1.0300000000e-01 4.2563583008e+03 6.4595119749e-01 7.6181549446e+00 2.7176548617e+01 1.1062298416e+01 1.4143888068e+00 3.6142051093e+01 -6.2221636329e+00 -2.3269350293e+01
1.0400000000e-01 4.2534070286e+03 8.8779377412e-01 8.2040689450e+00 2.7298767638e+01 1.0342809698e+01 -2.3585343307e-01 3.3461898636e+01 -5.8502873849e+00 -1.8978015623e+01
1.0500000000e-01 4.2480397136e+03 2.0968333441e+00 8.4198338993e+00 2.6137487924e+01 1.0193450158e+01 -2.0365484163e+00 3.0680187499e+01 -2.0293092938e+00 -1.3906884459e+01
1.0600000000e-01 4.2433921119e+03 2.5558714675e+00 8.2090888797e+00 2.6953307728e+01 8.2112319305e+00 -2.9483731406e+00 2.7823775288e+01 -1.5205916228e+00 -1.1034177475e+01
1.0700000000e-01 4.2393872055e+03 2.5546484186e+00 7.7250308846e+00 2.5344475996e+01 7.2879311762e+00 -3.7413872374e+00 2.3421262684e+01 2.2074245770e-02 -9.3574525618e+00
1.0800000000e-01 4.2337330509e+03 3.1826299347e+00 8.1707586113e+00 2.4182959902e+01 6.7969656754e+00 -3.1498427196e+00 1.7334705177e+01 1.1736461468e+00 -9.1125250912e+00
1.0900000000e-01 4.2280036673e+03 2.8410182550e+00 8.5686025334e+00 2.2571919291e+01 6.7239922080e+00 -1.8681601529e+00 1.1877841919e+01 2.6242483377e+00 -6.1765259495e+00
1.1000000000e-01 4.2243036425e+03 4.2095633642e+00 9.0385675042e+00 2.1814294438e+01 9.8192121126e+00 7.0602560531e-01 8.4509477110e+00 3.2604364273e+00 -1.6499733407e+00
1.1100000000e-01 4.2190388351e+03 3.3643129790e+00 9.4404542433e+00 1.9742980652e+01 1.2308354761e+01 2.1733100815e+00 5.1435385744e+00 3.4473830227e+00 -3.1854688864e-01
1.1200000000e-01 4.2148323627e+03 3.2468437620e+00 8.3551447573e+00 1.6535897123e+01 1.1343498173e+01 4.1029269967e+00 1.7546624521e+00 3.7199759574e+00 1.9787006100e+00
1.1300000000e-01 4.2105957110e+03 5.1480851625e+00 6.0433216826e+00 1.3843885306e+01 9.0668598016e+00 6.7563335457e+00 -3.1255907420e+00 6.9668484398e+00 5.5279764623e+00
1.1400000000e-01 4.2072229487e+03 7.1772268740e+00 5.1549085342e+00 1.1980917242e+01 6.2598277703e+00 9.0572188894e+00 -7.1571491142e+00 8.7994547115e+00 9.7733642862e+00
1.1500000000e-01 4.2049797154e+03 7.5880216643e+00 5.4821275243e+00 9.8230951572e+00 5.4857460653e+00 1.1344698117e+01 -1.0851637736e+01 1.1923342359e+01 1.1313536217e+01
1.1543465669e-01 4.2036389961e+03 6.5878869231e+00 5.9138905845e+00 9.4422459822e+00 4.7619288222e+00 1.2563958025e+01 -1.2373636939e+01 1.3297221380e+01 1.0952128315e+01
1.1600000000e-01 4.2003983759e+03 5.1072762427e+00 6.3145424213e+00 8.3568642204e+00 3.0761336142e+00 1.3820422511e+01 -1.3651435197e+01 1.5176962085e+01 1.1609784978e+01
1.1700000000e-01 4.1948244130e+03 4.5966880122e+00 6.3285637543e+00 6.9231529744e+00 -1.1158188183e+00 1.5021430345e+01 -1.5953799411e+01 1.8069018219e+01 1.3663700932e+01
1.1800000000e-01 4.1897519051e+03 5.2486661798e+00 4.4445662822e+00 6.2448224759e+00 -3.9328845920e+00 1.1825174149e+01 -1.7564794710e+01 1.7851693802e+01 1.7739330843e+01
1.1900000000e-01 4.1846978413e+03 5.9848474385e+00 2.8638814266e+00 4.5628952534e+00 -7.6016179261e+00 9.0174121879e+00 -1.6158356254e+01 1.5643511483e+01 1.7896746325e+01
1.2000000000e-01 4.1790069582e+03 3.6526161522e+00 3.8409088659e+00 3.8493377995e+00 -8.9977061841e+00 8.7466376159e+00 -1.2712373528e+01 1.4920685982e+01 1.4141367025e+01
1.2100000000e-01 4.1744645271e+03 3.5276133020e-01 3.9908584249e+00 5.0637812954e+00 -1.0596612295e+01 6.0131681567e+00 -1.1628126439e+01 1.6278548600e+01 1.3152842141e+01
1.2200000000e-01 4.1673038027e+03 -1.1131070516e+00 1.0140413707e+00 6.7677793679e+00 -1.1611165040e+01 8.4642928782e-01 -1.1717584497e+01 1.5109759123e+01 1.1114547676e+01
1.2300000000e-01 4.1600971479e+03 -1.2410973727e+00 -3.0400273715e+00 8.0866983354e+00 -9.6996720885e+00 -1.7967477272e+00 -1.3152626649e+01 1.2788584724e+01 6.7634099472e+00
1.2400000000e-01 4.1540479215e+03 -1.8514935652e+00 -3.9885135981e+00 7.5674249202e+00 -4.3656668861e+00 -2.2529057410e+00 -1.1626446230e+01 1.1407562705e+01 2.7863118440e+00
1.2500000000e-01 4.1473070849e+03 -3.7409987920e+00 -2.6662799836e+00 1.1844277381e+01 2.5140466752e-01 -8.5138206612e-01 -8.1061427102e+00 9.7963646102e+00 -1.1791266499e-02
1.2600000000e-01 4.1406621354e+03 -6.5944330533e+00 -1.2920404312e+00 1.3592912940e+01 3.8126047305e+00 1.0794290521e+00 -5.6780787729e+00 7.3032190308e+00 -5.4753249243e+00
1.2700000000e-01 4.1337971403e+03 -1.0151838336e+01 -1.6394947530e+00 1.4073700890e+01 5.5471655404e+00 -3.9484276659e-01 -6.9976428927e+00 8.0450381723e+00 -1.0877224825e+01
1.2800000000e-01 4.1262899518e+03 -1.3034693955e+01 -3.0464926459e+00 1.4852429922e+01 8.1483015714e+00 -2.6501304541e+00 -6.3613158154e+00 1.0349044337e+01 -1.1973493255e+01
1.2900000000e-01 4.1181737787e+03 -1.3061874925e+01 -3.5521943771e-01 1.8532391145e+01 6.5832823089e+00 -9.9542349855e-01 -6.2576440928e+00 1.1136127721e+01 -9.3116887150e+00
1.3000000000e-01 4.1118256108e+03 -7.7661089070e+00 2.8357955940e+00 2.1525042398e+01 4.5569773332e+00 1.7522515644e+00 -6.9881558784e+00 9.4113343705e+00 -5.3882707504e+00
1.3100000000e-01 4.1059859901e+03 -2.4796077488e+00 3.0982679617e+00 2.1795209823e+01 6.6170750687e+00 2.8243635170e+00 -1.0072319454e+01 1.3646926236e+01 -5.1855513347e+00
1.3200000000e-01 4.1010055849e+03 -2.5716173276e+00 1.2167049258e+00 2.1304873900e+01 4.9724533181e+00 3.0471007190e+00 -8.5140161381e+00 1.6541354796e+01 -6.0686308183e+00
1.3300000000e-01 4.0919074754e+03 -1.8746408859e+00 5.5001150335e-01 2.3084495712e+01 -8.8522997492e-01 6.3305877584e+00 -6.3385960772e+00 1.3499464135e+01 -3.3400254212e+00
1.3400000000e-01 4.0849831886e+03 -1.8741660427e-01 -6.2602294004e-01 2.7723907595e+01 -1.5037151188e+00 5.4712176282e+00 -1.2990986979e+01 1.2961757453e+01 -1.1805328880e+00
1.3500000000e-01 4.0865724930e+03 -5.1252677704e-02 2.2025459444e+00 2.8053631443e+01 2.3139252511e+00 -4.2102940260e-01 -1.6599045432e+01 1.6790709234e+01 1.7383398065e+00
1.3600000000e-01 4.0791911475e+03 2.6981185343e-01 3.0615753963e+00 2.8079526870e+01 2.7555770446e+00 6.8539751007e-01 -1.7942026716e+01 1.5313622273e+01 3.3125478192e+00
1.3700000000e-01 4.0678851928e+03 4.5608144895e+00 3.7314021460e+00 2.9787512765e+01 -3.0322871285e-02 6.8148266603e+00 -2.1157419633e+01 1.3148817844e+01 3.1583529151e+00
1.3800000000e-01 4.0622904477e+03 2.5790348169e+00 3.5675672999e+00 3.0404051683e+01 -3.4482991085e+00 7.1621636811e+00 -2.1405392779e+01 1.3184389669e+01 3.7237357910e+00
1.3900000000e-01 4.0535027046e+03 3.2552206736e+00 2.2864015143e+00 3.2131989326e+01 -5.2033119990e+00 3.8019469628e+00 -1.2941157285e+01 1.2126761622e+01 4.5982382836e+00
1.4000000000e-01 4.0441646464e+03 5.7505290167e+00 3.6075929433e+00 2.9925608073e+01 -4.6933943635e+00 3.8342716582e+00 -8.4621166458e+00 8.3220080457e+00 5.1775155959e+00
1.4100000000e-01 4.0415762791e+03 6.5142408610e+00 5.5877452343e+00 2.9901406017e+01 2.1499965422e-01 7.8801246825e+00 -9.8241275261e+00 4.1408240473e+00 8.7104991657e+00
1.4200000000e-01 4.0341102754e+03 2.4446327986e+00 6.6571797547e+00 3.0544075981e+01 1.8337099152e-01 7.8158550811e+00 -7.6464896285e+00 3.0400547543e+00 1.1813037204e+01
1.4300000000e-01 4.0223470114e+03 1.3908699654e+00 8.1514269155e+00 2.8958176589e+01 -1.6709711066e-01 4.9722841013e+00 -2.2144192594e+00 3.1257536298e+00 1.1711297501e+01
1.4400000000e-01 4.0114729129e+03 3.0052482208e+00 1.0190843284e+01 2.5004327339e+01 7.0190073386e+00 6.1385407555e+00 -1.6129319773e+00 2.4685942748e+00 1.3598453778e+01
1.4500000000e-01 3.9996145232e+03 2.7505704211e+00 1.2039228621e+01 2.2726980313e+01 8.6538836217e+00 9.2449094145e+00 -3.5562168177e+00 -7.9054564553e-01 1.4230520562e+01
1.4600000000e-01 3.9905832360e+03 7.4079473280e-01 1.1207799888e+01 2.1151364291e+01 8.7200469607e+00 9.1282215418e+00 1.6771223235e-01 -2.7404355170e+00 8.2258181167e+00
1.4700000000e-01 3.9812296348e+03 2.4441830280e+00 1.3103290523e+01 1.8529256054e+01 1.5349276058e+01 7.4620528570e+00 3.1800157284e+00 -1.1487829705e+00 5.1838936976e+00
1.4800000000e-01 3.9719311283e+03 1.8740725606e+00 1.3260778178e+01 1.6861696044e+01 1.9593375430e+01 4.6455662800e+00 2.7148379476e+00 -1.8450481772e+00 6.5831885125e+00
1.4900000000e-01 3.9643192775e+03 -1.4840167316e+00 1.4721219592e+01 1.5368989456e+01 2.0312072187e+01 1.7666126523e+00 1.8328229597e+00 -2.0545453851e+00 7.4441491676e+00
1.5000000000e-01 3.9523486833e+03 -4.0039249248e+00 1.4901791704e+01 1.5912448840e+01 2.2182507899e+01 3.7649051757e+00 1.0956722858e+00 2.4854544604e-01 6.5925513801e+00
1.5100000000e-01 3.9436705087e+03 -4.7790440450e+00 1.0342192433e+01 1.6514355128e+01 2.5970387259e+01 1.6308441983e+00 9.4002046056e-01 5.0125335391e-01 5.5237134350e+00
1.5200000000e-01 3.9321294695e+03 -4.2767802830e+00 9.3128651383e+00 1.6268007544e+01 2.8111129404e+01 -8.1485076328e-01 -2.2105759907e+00 -1.3172060753e+00 7.6877762481e+00
1.5300000000e-01 3.9185037941e+03 -3.7852084958e+00 1.1871436153e+01 1.8333448708e+01 2.9986744312e+01 6.5104584443e-01 -3.5769646617e+00 -2.9295492207e+00 7.4045894472e+00
1.5400000000e-01 3.9077220100e+03 -4.2145852918e+00 1.3095402662e+01 1.7717242203e+01 3.3287165865e+01 3.2262702624e+00 -3.4968808582e-01 -2.2545341440e+00 4.8735160155e+00
1.5460596014e-01 3.9025133302e+03 -3.8819387215e+00 1.3079184854e+01 1.6859246614e+01 3.5613390948e+01 -2.7753052774e-01 1.0100616102e+00 -4.2914598017e+00 1.4544070274e+00
1.5500000000e-01 3.8984576684e+03 -3.0910857965e+00 1.3358513191e+01 1.6735578317e+01 3.5398175621e+01 -3.6066705763e+00 8.7938482639e-01 -6.4843163901e+00 9.7281004457e-01
1.5600000000e-01 3.8841418058e+03 -3.6558248710e+00 1.4509241665e+01 1.9757707957e+01 3.2312542665e+01 -8.1248137882e-01 1.6487914149e-02 -9.3441916013e+00 1.3632747353e+00
1.5700000000e-01 3.8755750125e+03 -7.2881249464e+00 1.2161451156e+01 2.5502855369e+01 2.8542782331e+01 8.8818446761e-01 3.5680993523e+00 -1.2786269165e+01 4.5593066473e+00
1.5800000000e-01 3.8675700915e+03 -3.9714482766e+00 8.2843181424e+00 2.7066514641e+01 2.5029115788e+01 2.6389752818e+00 1.0589000949e+01 -1.3268916365e+01 -9.8146471230e-01
1.5900000000e-01 3.8861190006e+03 3.7672632508e+01 -3.2254607463e-01 2.7550217550e+01 1.9361622487e+01 2.9178881984e+00 -3.3122486174e+00 -1.6507181856e+01 -3.3898912995e+01
1.6000000000e-01 3.8610848221e+03 1.1699614907e+01 -4.4795889385e+00 2.4823369249e+01 1.4405596619e+01 -3.6002092703e+00 7.1952680451e+00 -1.2577553087e+01 -5.8358948040e+00
1.6100000000e-01 3.8629541172e+03 1.9187873646e+01 -1.6332526789e+01 1.8815460077e+01 7.0914597373e+00 -1.8965517236e+01 4.8224768406e+00 -6.4652224066e+00 -1.7495091963e+01
1.6200000000e-01 3.8779271073e+03 -8.2661641411e+00 -1.4266055147e+01 3.7214990591e+01 2.8539900861e+01 -1.9317051975e+01 9.9187997433e-01 -5.5057042736e+00 -2.3511672146e+01
1.6300000000e-01 3.8567382808e+03 -7.5155967312e+00 -4.0528416699e+00 3.7849631082e+01 1.7626209024e+01 -1.2998366104e+01 8.1798512804e+00 -3.7451334208e+00 -1.9590319359e+00
1.6400000000e-01 3.8606531430e+03 -1.3993517875e+01 1.7415665157e+01 2.1883775123e+01 1.2299269466e+01 5.4108187567e+00 1.9242635853e+01 -6.6539522121e+00 9.8810861359e+00
1.6500000000e-01 3.8693230785e+03 -3.2291444703e+01 3.1097521635e+01 6.3811628790e+00 2.5270526137e+01 8.2999883650e+00 1.9914737113e+01 -1.1989999627e+01 3.0451586807e+01
1.6600000000e-01 3.8528380992e+03 -4.8085147223e+01 1.8224897274e+01 3.2670488650e+01 2.5623066482e+00 1.8372454420e+01 8.5874099408e+00 -2.5609007870e+01 2.3020895458e+01
1.6700000000e-01 3.8364165661e+03 -4.7902840411e+01 1.2117072932e+01 4.8834720162e+01 -5.8663306502e+00 1.9352616442e+01 5.5109242350e+00 -4.6326814396e+01 3.3362272400e+01
1.6800000000e-01 3.8126989289e+03 -3.7238496200e+01 2.4472670163e+01 4.1853429754e+01 2.0317875743e+00 1.2676011969e+01 1.0757654819e+01 -4.3300345908e+01 4.5989374862e+01
1.6900000000e-01 3.7902319004e+03 -2.3224338540e+01 2.9378922579e+01 3.9054394993e+01 5.0727460784e+00 7.0469331490e+00 7.0726834227e+00 -3.0386592256e+01 5.2704551544e+01
1.7000000000e-01 3.7680358737e+03 -1.6060206078e+01 2.4629161415e+01 4.8987458131e+01 5.4203933969e+00 -5.6974583817e-01 1.2805505812e+00 -1.5525140510e+01 5.3479583677e+01
1.7100000000e-01 3.7603310331e+03 -1.4228067050e+01 2.1474341875e+01 5.9306542931e+01 4.9911651891e+00 -3.6326479215e+00 -5.6163863190e+00 -3.1404629937e+00 6.4196934729e+01
1.7200000000e-01 3.7470137997e+03 -1.1031579699e+01 1.3598889393e+01 5.7810956358e+01 8.1993988461e+00 -1.1093358270e+00 -6.0381942016e+00 -3.0895063107e+00 5.9827795976e+01
1.7300000000e-01 3.7311351602e+03 -5.3541361438e+00 2.0623349537e+01 5.9438517215e+01 5.0538409460e+00 -8.0185067857e+00 -6.4203909111e+00 -3.1784313114e+00 5.9028790596e+01
1.7400000000e-01 3.7153498315e+03 -1.0454106001e+01 2.1233699752e+01 6.6119045848e+01 2.3866607220e+00 -1.2623663372e+01 -1.3924744817e+00 3.8235659337e+00 5.2448400498e+01
1.7500000000e-01 3.7015810453e+03 -1.0378333391e+01 2.0474415809e+01 6.0503550103e+01 -3.5919152821e+00 -1.4046048589e+01 4.9181315171e+00 3.0902821085e+00 5.2616015780e+01
1.7600000000e-01 3.6883451191e+03 -1.1537953413e+01 2.0107219549e+01 5.3548246684e+01 -6.3789863479e+00 -1.1258114040e+01 1.4066420441e+01 3.0634720389e+00 4.8187140898e+01
1.7700000000e-01 3.6792905421e+03 -1.3071263695e+01 2.2526477167e+01 5.3276423045e+01 -4.9571437763e+00 -9.0904137877e+00 1.5045757385e+01 1.0524072643e+01 4.6827210649e+01
1.7800000000e-01 3.6713056785e+03 -1.3175935001e+01 2.4671180937e+01 5.4967384130e+01 -2.2598645428e+00 -1.4543223662e+01 1.4027130211e+01 1.7587985265e+01 4.3811882713e+01
1.7900000000e-01 3.6608207426e+03 -1.4165044679e+01 2.1804464987e+01 5.4200015722e+01 3.4769482903e-01 -1.8750277573e+01 1.3773648556e+01 2.2686993629e+01 3.4126232733e+01
1.8000000000e-01 3.6540234089e+03 -1.2192163065e+01 2.4596879749e+01 5.3899957764e+01 4.3825300488e+00 -2.1781328200e+01 1.7319752625e+01 2.2018546636e+01 3.1361506278e+01
1.8100000000e-01 3.6491480048e+03 -1.3927990731e+01 2.7283247943e+01 5.4229096525e+01 5.3632959096e-01 -2.5813475292e+01 1.8301002338e+01 2.9863538841e+01 2.9103897800e+01
1.8200000000e-01 3.6395566841e+03 -1.8375271648e+01 2.7566026252e+01 5.9942655037e+01 -1.4717345979e+00 -2.2419329946e+01 2.3443387303e+01 2.9157372038e+01 2.2719992580e+01
1.8300000000e-01 3.6304891063e+03 -1.5191712658e+01 2.9765652924e+01 5.4843570270e+01 2.8823361098e+00 -2.2242071292e+01 3.1163538270e+01 2.5615076316e+01 1.1445498430e+01
1.8400000000e-01 3.6226346285e+03 -1.4988852765e+01 2.8092405297e+01 5.4330676738e+01 1.5550655410e+00 -1.4489702464e+01 2.5296290842e+01 2.2434775426e+01 2.8688902128e+00
1.8500000000e-01 3.6056899237e+03 -1.4789038029e+01 2.1640720925e+01 4.8898043563e+01 6.7141793299e+00 -1.3793969655e+01 1.8181931056e+01 1.9307750513e+01 -7.9749147665e-01
1.8600000000e-01 3.5990500320e+03 -1.4657836973e+01 2.1011338177e+01 5.1153825882e+01 5.2393363329e+00 -1.8916388210e+01 2.2465827961e+01 2.0533740287e+01 -2.2430734300e+00
1.8700000000e-01 3.5923256133e+03 -1.6723063213e+01 2.4072454309e+01 5.2577046592e+01 2.2747375796e+00 -1.6486687894e+01 2.3263202878e+01 2.0307958679e+01 5.1717315724e+00
1.8800000000e-01 3.5813530653e+03 -1.3097346090e+01 2.1420462012e+01 5.1803223586e+01 2.3497308477e+00 -1.4122511686e+01 3.8317413949e+01 2.8346525885e+01 5.0259807097e+00
1.8900000000e-01 3.5724861768e+03 -8.7932827497e+00 2.1648369867e+01 5.4588489300e+01 -7.0189073926e+00 -7.4101052267e+00 4.4423198435e+01 2.8107538401e+01 -4.5066197682e+00
1.9000000000e-01 3.5626988924e+03 -1.0231808012e+01 2.1207184210e+01 5.8278499070e+01 -2.8283350891e+00 -1.1529743141e+01 4.1468945038e+01 3.6474673207e+01 -1.0525463391e+01
1.9100000000e-01 3.5569401778e+03 -8.1494625920e+00 2.5151665128e+01 5.9622237976e+01 -6.3725923166e+00 -1.5623266363e+01 4.6384105085e+01 3.3652615424e+01 -2.5780259905e+01
1.9200000000e-01 3.5486086805e+03 -9.9999307054e+00 2.6101705748e+01 6.7180846351e+01 -9.3783226731e+00 -1.5066872229e+01 4.7710031287e+01 2.8078331795e+01 -2.9596312015e+01
1.9300000000e-01 3.5416456442e+03 -4.2262514196e+00 2.1911637339e+01 6.4101767759e+01 -1.4936362874e+00 -1.2234966345e+01 4.9643733549e+01 2.4907266732e+01 -3.1274794168e+01
1.9400000000e-01 3.5328161950e+03 -3.3160563573e+00 2.2101679156e+01 6.4614851046e+01 -7.8825150924e+00 -1.7656325109e+01 6.1434334352e+01 1.3074734938e+01 -3.3248476716e+01
1.9410413089e-01 3.5311075109e+03 -3.5885581253e+00 2.2005739121e+01 6.4999379757e+01 -7.8950799973e+00 -1.7656910479e+01 6.1856637623e+01 1.2171954042e+01 -3.3149815067e+01
1.9500000000e-01 3.5269481868e+03 -3.2341854001e+00 1.6747414385e+01 6.7647883772e+01 2.9887806841e-01 -1.8758341632e+01 6.4031997370e+01 7.9296197331e+00 -3.5870077299e+01
1.9600000000e-01 3.5152744873e+03 3.2115333769e+00 1.5907932481e+01 7.0116674034e+01 3.3381687536e+00 -2.3706398378e+01 7.1204104015e+01 2.1187237020e+01 -3.2248866199e+01
1.9700000000e-01 3.5070620506e+03 6.9898196062e+00 1.7383150586e+01 7.1278617960e+01 -6.4827126872e+00 -2.2844419164e+01 6.0099600204e+01 1.6066948490e+01 -2.7531448578e+01
1.9800000000e-01 3.5006764657e+03 7.4676457555e+00 1.6756278103e+01 6.9450455964e+01 -1.7629344173e+01 -2.0505736151e+01 4.8055712757e+01 1.7619406992e+01 -2.8412409113e+01
1.9900000000e-01 3.4933008477e+03 1.3306772254e+01 1.3343651753e+01 6.6590114007e+01 -2.3774088134e+01 -1.8471669529e+01 4.0772379815e+01 1.8385301878e+01 -2.5128732464e+01
2.0000000000e-01 3.4830043235e+03 1.2908397757e+01 1.5777611438e+01 7.2740313304e+01 -2.4592248296e+01 -1.8467771400e+01 3.8230112207e+01 1.0915283999e+01 -2.7353270312e+01
2.0100000000e-01 3.4736703991e+03 1.0477785543e+01 1.7159714668e+01 6.9208085748e+01 -3.0820626283e+01 -2.0185997976e+01 3.7278461687e+01 8.2069705445e+00 -2.4356241466e+01
2.0200000000e-01 3.4717671551e+03 9.1608778296e+00 2.0237272991e+01 7.0065423853e+01 -3.1262401620e+01 -2.3480586628e+01 3.1284336618e+01 8.8190478056e+00 -1.5042675542e+01
2.0300000000e-01 3.4652252608e+03 5.9802693925e+00 2.2751294442e+01 7.2418377622e+01 -2.3668322149e+01 -2.2556139401e+01 2.8066887921e+01 -1.5191754837e+00 -1.3329118461e+01
2.0400000000e-01 3.4595482536e+03 7.3001887035e+00 2.5007388159e+01 6.6478471078e+01 -2.8560901228e+01 -2.4318543253e+01 2.7938837406e+01 -4.3635144825e+00 2.7646580575e+00
2.0500000000e-01 3.4545669172e+03 5.0917356716e+00 2.8026765080e+01 6.8022667007e+01 -3.3754849034e+01 -2.8364131561e+01 3.5123092480e+01 -3.1431661810e+00 -6.3271458725e-01
2.0600000000e-01 3.4509095959e+03 -2.4133619380e-01 2.4108518811e+01 7.2997962435e+01 -4.4060070920e+01 -3.7033010073e+01 2.8417359208e+01 -1.4391773260e+01 3.6274355657e+00
2.0700000000e-01 3.4460266012e+03 2.1771065388e+00 2.1753579542e+01 6.5448523055e+01 -3.7109001337e+01 -3.8219961365e+01 2.4940646900e+01 -1.2433278670e+01 2.1492520018e+01
2.0800000000e-01 3.4352118166e+03 -6.5545836640e+00 2.7735538214e+01 6.5614115053e+01 -2.9072810466e+01 -3.5905015703e+01 2.2437747573e+01 -2.4111518391e+01 1.6576125113e+01
2.0900000000e-01 3.4311070816e+03 -7.7237868819e+00 2.7872855834e+01 6.5110016211e+01 -1.7098362302e+01 -2.8411283227e+01 1.8397120675e+01 -2.2895323107e+01 1.4414930442e+01
2.1000000000e-01 3.4239893101e+03 -3.8099444231e+00 1.6091540698e+01 6.8717595765e+01 -9.9947861722e+00 -2.4729671512e+01 2.5916166999e+01 -1.4293345596e+01 1.1918081548e+01
2.1100000000e-01 3.4230539808e+03 -1.0962218884e+01 1.7797947171e+01 6.7894253113e+01 -2.2173434795e+01 -1.8222231710e+01 3.5382444428e+01 -1.7367513573e+01 2.1327983210e+01
2.1200000000e-01 3.4117848711e+03 -1.1411346433e+01 1.6788443779e+01 6.2426240618e+01 -2.3595634501e+01 -1.3916664814e+01 2.4303832849e+01 -4.8152755680e+00 2.7267118228e+01
2.1300000000e-01 3.4065220592e+03 -7.9942320803e+00 9.6655903102e+00 6.4382257014e+01 -3.0186695351e+01 -1.6176577484e+01 2.3777756475e+01 -1.1762560849e+01 3.9303385051e+01
2.1400000000e-01 3.4080065631e+03 -7.4871672792e+00 1.0091040912e+01 5.7823935354e+01 -2.8559695505e+01 -2.1354469906e+01 2.5307018047e+01 -5.0562803143e+00 3.6204981280e+01
2.1500000000e-01 3.4013465304e+03 -3.3635863664e+00 9.6390017957e+00 5.7052714577e+01 -2.6724909326e+01 -2.7251250003e+01 1.2284010530e+01 -1.3848030067e+01 4.1217044354e+01
2.1600000000e-01 3.3968879410e+03 -6.1383378757e+00 1.9455355319e+01 5.0549155924e+01 -1.7347699845e+01 -2.8416570603e+01 1.1874445214e+01 -5.2205360216e+00 4.1658042129e+01
2.1700000000e-01 3.3896598394e+03 3.4781634550e+00 1.6637846711e+01 5.7143193960e+01 -3.2286767894e+01 -2.8042139600e+01 1.4649573594e+01 -4.9380618235e+00 4.8027544440e+01
2.1800000000e-01 3.3848661417e+03 1.7488009094e+00 2.1745494842e+01 5.0277832735e+01 -3.5838380274e+01 -2.6208005480e+01 1.7395296833e+01 -3.4708423607e+00 3.9365888937e+01
2.1900000000e-01 3.3758043341e+03 -7.9534594347e-02 1.6233938226e+01 5.5498834749e+01 -5.1808669250e+01 -1.8876516529e+01 1.7337314265e+01 8.3121727906e+00 4.3917451420e+01
2.2000000000e-01 3.3729722973e+03 1.7464889838e+00 1.9913436017e+01 5.5817021315e+01 -5.2622838228e+01 -2.4675949927e+01 1.8345430073e+01 7.5303167250e+00 3.8046837818e+01
2.2100000000e-01 3.3630451348e+03 -2.4109009371e+00 2.5145043226e+01 5.7085431810e+01 -5.3240797343e+01 -2.3572654684e+01 1.5958239570e+01 5.1490686853e+00 3.1465712105e+01
2.2200000000e-01 3.3588969949e+03 -3.7460762774e+00 1.8748376710e+01 6.1715029316e+01 -4.6918887365e+01 -1.6990658478e+01 1.9045707432e+01 1.1916778443e+01 2.6233440731e+01
2.2300000000e-01 3.3545204819e+03 -1.0253077401e+01 2.7052302651e+01 5.7645175166e+01 -5.0093191221e+01 -7.5002948765e+00 1.3082910644e+01 2.4808460877e+01 3.2433425476e+01
2.2400000000e-01 3.3529485674e+03 -1.1034521201e+01 2.9454374325e+01 6.1004543286e+01 -4.0014215643e+01 -5.8227946857e+00 5.3491502433e+00 3.2159628488e+01 2.8049922019e+01
2.2500000000e-01 3.3470223774e+03 -1.5864089576e+01 3.1383373644e+01 5.4243814735e+01 -3.9207488351e+01 -7.6855953405e+00 4.3090140418e+00 2.8523609490e+01 3.8420253397e+01
2.2600000000e-01 3.3471590166e+03 -1.7618293145e+01 3.4219215474e+01 6.3903079279e+01 -4.5040626498e+01 -8.9953569673e+00 -4.2053013224e+00 3.0182675035e+01 1.9817220926e+01
2.2700000000e-01 3.3348166818e+03 -1.4679010866e+01 3.1251341103e+01 6.6851642428e+01 -5.5822695033e+01 -1.6892384699e+00 -7.9239751182e-01 3.4922247419e+01 3.3957854440e+01
2.2800000000e-01 3.3335516420e+03 -1.1086638437e+01 4.0768355030e+01 7.2751466102e+01 -5.7528484705e+01 -7.2418934815e+00 1.6593724877e+01 5.2263021030e+01 3.0858349527e+01
2.2900000000e-01 3.3304823186e+03 -1.2629552706e+01 3.8684539732e+01 7.8111391541e+01 -6.6330017661e+01 -7.3183174921e+00 1.7163899128e+01 6.5639052176e+01 2.6578452891e+01
2.3000000000e-01 3.3235914736e+03 -5.3419472541e+00 3.5216633057e+01 7.3003190683e+01 -7.1944935873e+01 -1.3809864675e+01 7.3004615127e+00 7.6048618400e+01 9.0618795795e+00
2.3100000000e-01 3.3163026772e+03 -1.3646962579e+01 3.3649024476e+01 7.6375737163e+01 -8.2531338857e+01 -2.6172565707e+01 -8.6320120109e+00 7.2952346609e+01 1.3412823931e+01
2.3200000000e-01 3.3104728331e+03 -9.7657275569e+00 3.5213400593e+01 7.1640166626e+01 -7.7738197473e+01 -2.6048576124e+01 -2.4821699071e+01 5.6989020383e+01 7.5733902638e+00
2.3282333985e-01 3.3040442205e+03 -1.5848391855e+01 3.1805387647e+01 6.3912219912e+01 -6.7697761871e+01 -2.8647293278e+01 -2.2153093011e+01 5.2843644278e+01 2.0822380112e+01
2.3300000000e-01 3.3035628778e+03 -1.4879143782e+01 3.1268210311e+01 6.3185235173e+01 -6.8371005788e+01 -3.1460277781e+01 -2.4997942984e+01 5.1129683459e+01 2.1577775043e+01
2.3400000000e-01 3.3049588374e+03 -1.7891687681e+01 3.7812227333e+01 5.3160091726e+01 -7.6893006430e+01 -5.0052619837e+01 -2.1170476069e+01 4.9626552000e+01 2.5920143204e+01
2.3500000000e-01 3.3012259609e+03 -1.5034701748e+01 3.3274257876e+01 4.6724368228e+01 -6.9725952533e+01 -5.9435591558e+01 -1.0464499835e+01 4.4843049795e+01 1.6987156019e+01
2.3600000000e-01 3.2965152341e+03 -7.1734450706e+00 3.0997554371e+01 4.5126292125e+01 -6.3869689265e+01 -7.0705053651e+01 -1.3973094453e+01 4.6535954411e+01 1.1378084858e+01
2.3700000000e-01 3.2921869449e+03 -3.8654356079e+00 2.6929132139e+01 4.2333210188e+01 -5.1722735965e+01 -7.8028844599e+01 -1.2662907765e+01 5.1671922503e+01 9.2448970606e+00
2.3800000000e-01 3.2886523336e+03 -7.5745901759e+00 3.5463430319e+01 4.4368145972e+01 -4.9718045577e+01 -9.5259405067e+01 -7.6486184170e+00 5.3438602293e+01 1.0332963535e+01
2.3900000000e-01 3.2825766373e+03 -5.3750546852e+00 3.5312941454e+01 4.8868527710e+01 -5.3414255017e+01 -1.0490215631e+02 -8.5562099952e+00 4.9812771353e+01 7.6480881649e+00
2.4000000000e-01 3.2788188904e+03 6.8886143904e+00 3.2247061153e+01 4.4702902093e+01 -5.7777860453e+01 -9.7953649816e+01 -7.9032512783e+00 5.4182968126e+01 9.8326719453e+00
2.4100000000e-01 3.2726410577e+03 -7.2073891099e+00 3.0191425066e+01 4.5919382891e+01 -5.7796917517e+01 -9.4286432584e+01 3.7359384143e+00 4.3665484457e+01 -1.9738582766e+00
2.4200000000e-01 3.2775438555e+03 -6.7666713111e+00 3.2029745027e+01 3.4336056500e+01 -3.3693692348e+01 -9.5416735528e+01 1.9876483048e+01 2.7702065896e+01 -4.0170753429e+00
2.4300000000e-01 3.2656202600e+03 -1.2269854239e+01 3.6676753844e+01 4.1264828577e+01 -2.1780550344e+01 -1.0281645344e+02 4.6920431768e+01 1.2942359509e+01 -7.0190344389e+00
2.4400000000e-01 3.2660984190e+03 -1.7417905527e+01 3.6848369854e+01 3.8366819969e+01 -2.7149178998e+01 -1.0634908238e+02 2.8133485195e+01 7.4445093328e+00 -4.3348540339e+00
2.4500000000e-01 3.2609700168e+03 -1.8232335816e+01 3.4898775491e+01 4.1138844241e+01 -4.5329551465e+01 -9.3441781189e+01 7.0120092768e+00 1.3751382628e+01 3.9194167843e+00
2.4600000000e-01 3.2586387827e+03 -2.0632349370e+01 2.4283525786e+01 4.1657257422e+01 -4.8284296126e+01 -9.5215832688e+01 1.3710191239e+00 1.1644259625e+01 1.0872429635e+01
2.4700000000e-01 3.2543117507e+03 -1.5417904715e+01 2.3462921469e+01 4.1472959472e+01 -5.5183005083e+01 -9.4671459813e+01 1.6730897003e+00 1.1273482225e+01 2.0430895873e+01
2.4800000000e-01 3.2596375579e+03 -1.7859522863e+01 2.1671582042e+01 3.9850104116e+01 -5.8046833189e+01 -1.0807671482e+02 -4.8352319123e+00 4.3977960674e+00 6.5903609027e+00
2.4900000000e-01 3.2490899596e+03 -1.0568082986e+01 1.4084149877e+01 3.9006411646e+01 -7.0868065405e+01 -1.0646789902e+02 -1.5525950964e+01 1.3066028241e+01 9.6884253175e+00
2.5000000000e-01 3.2469318216e+03 -1.3917316955e+01 1.3434047086e+01 3.3449837336e+01 -6.2285622033e+01 -1.3031085001e+02 6.3336599250e+00 1.0586429924e+01 5.9004904800e+00
2.5100000000e-01 3.2389372514e+03 -9.2051058810e+00 9.8324133230e+00 3.7194759867e+01 -6.1884700425e+01 -1.3413068955e+02 1.9083516831e+01 1.8059692932e+01 1.2052649395e+01
2.5200000000e-01 3.2374392290e+03 -1.0486045710e+01 1.5980915867e+01 4.0110290472e+01 -6.5607669612e+01 -1.3638793475e+02 4.2398574455e+01 5.0524980644e+00 -6.8702408623e+00
2.5300000000e-01 3.2385589489e+03 -1.5296892521e+00 1.5127105556e+01 4.5443731600e+01 -6.7382463528e+01 -1.3587112937e+02 3.7225439212e+01 1.1959027163e+01 -1.7834806546e+01
2.5400000000e-01 3.2265158162e+03 6.0815518732e+00 1.7140279184e+00 5.0930189681e+01 -6.8475242155e+01 -1.4173578913e+02 3.7755202949e+01 1.9580206134e+00 -1.7273554765e+01
2.5500000000e-01 3.2263340952e+03 1.9868664160e+01 1.0398983402e+01 3.7750580534e+01 -9.2425221443e+01 -1.3225931965e+02 2.1248221112e+01 9.4990905962e+00 -1.3310288498e+01
2.5600000000e-01 3.2262172207e+03 2.7352745688e+01 1.2430552650e+01 3.9577854038e+01 -1.0680214496e+02 -1.1906076904e+02 6.7520401189e+00 9.2919026960e+00 -4.6392088111e-01
2.5700000000e-01 3.2184296136e+03 2.0536942988e+01 1.1926921224e+01 3.5719955966e+01 -9.6001429763e+01 -1.0610523370e+02 1.3326812224e+01 -3.3154417370e+00 -8.3756757701e+00
2.5800000000e-01 3.2101269143e+03 2.7118087867e+01 1.7552317303e+01 2.8455184157e+01 -8.7477673945e+01 -8.8850367272e+01 2.3967324506e+01 -1.9068278708e+01 5.5880203531e-01
2.5900000000e-01 3.2086835126e+03 3.0517306849e+01 2.3918073849e+01 2.5865477288e+01 -7.7028597747e+01 -8.7535137252e+01 2.4731331402e+01 -3.6649695896e+01 -7.3910215876e+00
2.6000000000e-01 3.2052197382e+03 2.5554500529e+01 3.0611733678e+01 2.3121488052e+01 -7.2262428504e+01 -8.7924324168e+01 2.6848916837e+01 -5.4008338659e+01 -6.1307109915e+00
2.6100000000e-01 3.1983257881e+03 2.4577211296e+01 2.6434946108e+01 1.7844864610e+01 -6.8603539264e+01 -7.1162387179e+01 3.3108730897e+01 -5.2252037219e+01 -4.2626378392e+00
2.6200000000e-01 3.1919459342e+03 1.8819991879e+01 2.5695426764e+01 2.0618678585e+01 -4.5622448048e+01 -8.5567259643e+01 3.9365010123e+01 -3.8407497496e+01 -1.6420191344e+00
2.6300000000e-01 3.1830218375e+03 1.3039302152e+01 2.1269852697e+01 1.7578523024e+01 -4.1132824047e+01 -7.9656754465e+01 1.6550956018e+01 -3.7480199951e+01 3.7162962473e+00
2.6400000000e-01 3.1840405878e+03 5.8005821862e+00 2.6640724504e+01 1.3555264153e+01 -3.3646849365e+01 -9.3858128928e+01 3.1323140650e+01 -3.7223002457e+01 -2.5785677491e-01
2.6500000000e-01 3.1770374179e+03 5.0242686042e+00 2.3994938882e+01 1.7026172318e+01 -3.8783957148e+01 -9.7445559329e+01 4.1014241150e+01 -4.4949997529e+01 -1.2730431293e+01
2.6600000000e-01 3.1780703737e+03 -1.2269099781e+00 2.0188576669e+01 2.8988832203e+01 -4.5626984958e+01 -1.0591162927e+02 3.5714528570e+01 -3.0447757897e+01 -2.3434485221e+01
2.6700000000e-01 3.1737776603e+03 -9.3898483036e+00 1.7052625459e+01 3.7297696499e+01 -5.8521971861e+01 -7.8212209621e+01 3.1374111306e+01 -2.9181374880e+01 -3.8251520827e+00
2.6800000000e-01 3.1636206791e+03 -9.0805018949e+00 1.8201475897e+01 4.7369671740e+01 -4.5580709272e+01 -8.4567940326e+01 3.2883234805e+01 -3.1657743378e+01 2.6047729461e-01
2.6900000000e-01 3.1557199646e+03 8.9575808399e-01 1.0128163995e+01 4.2622557858e+01 -3.4169549756e+01 -8.4556304768e+01 3.7738051612e+01 -3.5678159018e+01 -2.0864077844e+00
2.7000000000e-01 3.1529550924e+03 3.5984505263e+00 6.6166993019e+00 4.9701298974e+01 -3.3116125792e+01 -7.1592668683e+01 4.4427740379e+01 -2.9382488812e+01 2.1211354425e+00
2.7091172744e-01 3.1477968775e+03 5.8432163204e+00 8.5322329411e-01 4.3688787699e+01 -5.3996326760e+01 -6.7005418392e+01 5.1040534416e+01 -2.4823518341e+01 7.6738383848e+00
2.7100000000e-01 3.1472232707e+03 6.7037725772e+00 6.0333862845e-01 4.2725957670e+01 -5.5002533034e+01 -6.6261448280e+01 5.0574734308e+01 -2.4149986869e+01 8.0751766975e+00
2.7200000000e-01 3.1385500926e+03 6.4867444293e+00 7.3131430159e-01 5.1639097591e+01 -5.5493447813e+01 -5.9069835135e+01 3.7941556471e+01 -1.1325350229e+01 3.3601938938e+00
2.7300000000e-01 3.1326860135e+03 8.8870472729e-01 4.1904557458e+00 5.5504968588e+01 -4.4290162418e+01 -7.0498584455e+01 4.9941055119e+01 -1.1122206729e+01 3.6994036962e-01
2.7400000000e-01 3.1370918457e+03 1.5385999958e+01 4.3591609769e+00 5.1896615278e+01 -5.0238330887e+01 -6.6089146789e+01 4.7219773466e+01 -9.3201595300e+00 -8.6728665197e+00
2.7500000000e-01 3.1351197218e+03 1.1149925462e+01 1.0827916751e+01 4.9709856590e+01 -6.1172383733e+01 -5.9667545694e+01 3.4261617643e+01 9.0829150373e-01 -6.1035769271e+00
2.7600000000e-01 3.1324456715e+03 6.9576568103e+00 1.8894087416e+01 4.8415973241e+01 -5.8203923430e+01 -5.7245298997e+01 3.1461120074e+01 -7.5584237715e+00 -8.0797178179e+00
2.7700000000e-01 3.1269009643e+03 5.4199938936e+00 2.2516523680e+01 5.0180444609e+01 -5.7269793067e+01 -3.7978179631e+01 3.8885128485e+01 -3.3208580032e+01 4.9587747204e+00
2.7800000000e-01 3.1178681653e+03 8.8627609368e+00 2.4433420037e+01 4.3012900484e+01 -5.4508240652e+01 -1.5379026596e+01 3.1507769962e+01 -5.0702880046e+01 1.3740173367e+00
2.7900000000e-01 3.1184415739e+03 1.5122838650e+01 2.7972693823e+01 4.6260849865e+01 -6.4355020898e+01 -2.1569869269e+01 1.5654297401e+01 -4.9555005266e+01 -1.3217221819e+01
2.8000000000e-01 3.1202554012e+03 2.0517864823e+01 3.4462403449e+01 4.0187771293e+01 -5.7903555525e+01 -2.9121277451e+01 4.4978568093e+01 -3.3119587810e+01 -2.4138241541e+01
2.8100000000e-01 3.1164782117e+03 1.7123080272e+01 2.6700542915e+01 3.8026509093e+01 -4.0397962090e+01 -1.3858950656e+01 3.8788946069e+01 5.5666550458e+00 4.6594912750e+00
2.8200000000e-01 3.1053850131e+03 2.8052038321e+01 2.5724684451e+01 3.4965174973e+01 -3.0408302249e+01 2.3976221364e+00 3.5141823876e+01 1.1426046475e+01 1.1899159782e+01
2.8300000000e-01 3.1038896656e+03 1.3463077455e+01 1.9431660976e+01 3.4401733341e+01 -2.2652311281e+01 3.4792054767e+00 1.6991297398e+01 2.7919617406e+01 2.1718686168e+01
2.8400000000e-01 3.0939939316e+03 1.3231161609e+01 2.0028201861e+01 2.1519701728e+01 -4.3454712752e+01 -2.1791385823e+01 2.1843437101e+01 3.0823162242e+01 2.9342211998e+01
2.8500000000e-01 3.0923996119e+03 6.3667993094e+00 2.7831631329e+01 2.5904688490e+01 -4.0526913767e+01 -3.4838564842e+01 4.4938178792e+01 2.8239169298e+01 1.0418414846e+01
2.8600000000e-01 3.0900962981e+03 1.9307294035e+00 2.5274697219e+01 2.7953739681e+01 -3.8134910023e+01 -3.9302355565e+01 4.6153363616e+01 2.9861677212e+01 -1.0391118154e+01
2.8700000000e-01 3.0832030173e+03 4.9383988967e+00 1.7693658993e+01 3.0832649184e+01 -1.2342051436e+01 -2.6251318217e+01 4.5126474023e+01 1.6738880919e+01 -1.0086378640e+01
2.8800000000e-01 3.0845229529e+03 9.3804317205e+00 1.5493425892e+01 3.2508815949e+01 -1.5790221311e+00 -4.1972047942e+01 3.5323437310e+01 2.6928029638e+00 -3.4209350564e+00
2.8900000000e-01 3.0865557634e+03 1.0139142318e+01 2.4292343073e+00 3.8807735643e+01 -1.4685793483e+01 -4.3425791780e+01 5.2154472228e+01 2.4142236759e+00 -1.7306398407e+00
2.9000000000e-01 3.0819597524e+03 3.8378094648e+00 5.9620970901e+00 4.3603486209e+01 -2.2465965375e+00 -2.9906757282e+01 6.6626716965e+01 -6.3795731695e+00 -1.5002053723e+01
2.9100000000e-01 3.0787151486e+03 -8.0564888104e-01 1.1919738819e+01 4.7469791293e+01 -8.1515464614e+00 -2.6369154790e+01 5.4892675935e+01 1.1196826670e+01 -2.3784437609e+01
2.9200000000e-01 3.0739842474e+03 -8.7230816893e+00 2.0135532960e+01 5.2406515787e+01 -8.1480484426e+00 -1.6325280317e+01 3.7828755717e+01 -6.9818890692e+00 -4.7970994985e+01
2.9300000000e-01 3.0728384669e+03 -7.0808118597e+00 3.0168540183e+01 4.7915348100e+01 -2.3299408824e+00 -3.0907286107e+01 4.0742591785e+01 -3.5312950412e+00 -6.0402725728e+01
2.9400000000e-01 3.0672567978e+03 -1.5025088721e+00 2.5117017089e+01 5.5680509422e+01 1.2803754132e+01 -2.9237756747e+01 2.6791493616e+01 -2.6967688278e+00 -5.4897019406e+01
2.9500000000e-01 3.0658680896e+03 3.7930386038e+00 2.0322708855e+01 6.0847109129e+01 -4.4911100048e+00 -4.0697563050e+01 1.0395967831e+01 -2.9785182174e+00 -4.3029520488e+01
2.9600000000e-01 3.0561789242e+03 2.0059423544e+01 2.3784686552e+01 5.9439366361e+01 1.6775544131e+01 -4.8408083722e+01 1.7194330456e+01 -1.5028929662e+01 -5.3172944652e+01
2.9700000000e-01 3.0571547584e+03 1.3285357711e+01 1.8714492901e+01 6.6677596985e+01 1.5750353674e+01 -4.5512640758e+01 2.7820891989e+01 -3.1588206201e+01 -4.5798364774e+01
2.9800000000e-01 3.0529530999e+03 2.7314077886e+01 7.4439690272e+00 7.4011153348e+01 2.0327844515e+01 -5.1261542185e+01 3.2233282715e+01 -4.0030737026e+01 -5.9063527194e+01
2.9900000000e-01 3.0545523677e+03 2.6054093571e+01 1.7145818333e+01 6.1961663136e+01 -5.0139728196e+00 -4.5242758012e+01 2.9403553069e+01 -4.9559244921e+01 -4.8718086465e+01
3.0000000000e-01 3.0492949906e+03 3.0443262560e+01 8.7909446793e+00 7.1115809492e+01 -1.4160824521e+01 -2.7263052295e+01 2.1086378549e+01 -4.0173414938e+01 -5.7833017895e+01
3.0100000000e-01 3.0401713246e+03 4.3574271936e+01 1.4659380441e+01 6.8598159094e+01 -9.8719603908e+00 -1.2904723556e+01 9.4074437450e+00 -3.6323987148e+01 -6.3047424977e+01
3.0200000000e-01 3.0372256771e+03 4.9631548974e+01 1.4038892934e+01 6.8953454671e+01 -1.1596217489e+01 3.4185778647e+00 2.6748275492e+01 -3.3729123210e+01 -5.7695807711e+01
3.0300000000e-01 3.0439263785e+03 5.2127066040e+01 2.7233612090e+01 6.2121581863e+01 -2.5325316729e+01 5.1875239486e+00 2.0835456579e+01 -4.4295643153e+01 -6.7426617317e+01
3.0400000000e-01 3.0327571393e+03 4.6379608887e+01 3.0207113107e+01 6.0413255401e+01 -3.7720880592e+01 7.9003862390e+00 1.4911395869e+01 -3.9895217124e+01 -7.3784876558e+01
3.0500000000e-01 3.0296952109e+03 5.1009107226e+01 4.1648521865e+01 4.4193177160e+01 -1.3676461912e+01 5.8466048611e+00 -3.6475938966e+00 -3.9751410671e+01 -7.0953760578e+01
3.0600000000e-01 3.0294983724e+03 4.6581260298e+01 3.0678372837e+01 4.3113399066e+01 -1.2713735638e+01 -2.7641067464e+00 -1.8736678598e+01 -5.6937061275e+01 -7.6451558064e+01
3.0700000000e-01 3.0209193858e+03 3.4682735601e+01 3.2590397535e+01 4.7722832422e+01 -1.0621739645e+01 1.2071163607e+00 -3.1325138348e+00 -6.5813458008e+01 -7.8957182338e+01
3.0789752212e-01 3.0193651431e+03 2.7566397501e+01 2.1551088757e+01 5.2434164177e+01 -1.0139555468e+01 1.4911066767e+01 -5.7910307036e+00 -6.1491000459e+01 -8.7673261553e+01
3.0800000000e-01 3.0201238990e+03 2.6443229412e+01 2.0577053336e+01 5.4074095350e+01 -1.0256608124e+01 1.5656444833e+01 -4.4895959921e+00 -6.0766638768e+01 -8.5140459073e+01
3.0900000000e-01 3.0162286510e+03 1.7217894836e+01 1.7740189807e+01 5.7437525477e+01 1.7781815521e+00 1.7578971024e+01 -2.2117844833e+00 -5.7016936338e+01 -7.6520216782e+01
3.1000000000e-01 3.0135960741e+03 2.1451690373e+01 1.1084679009e+01 6.3119913210e+01 1.3188310209e+01 5.6918673690e+00 1.4269541898e+01 -6.7852949234e+01 -5.8086326394e+01
3.1100000000e-01 3.0041989921e+03 1.4012298231e+01 1.1403364285e+01 5.2943435900e+01 2.9443645928e+01 2.8815360076e+00 2.4758555659e+01 -6.1194072053e+01 -6.5615920891e+01
3.1200000000e-01 3.0063786464e+03 1.5043725623e+01 9.6290808539e+00 6.1901929810e+01 4.7738769259e+01 -2.1629938661e+00 1.6088345905e+01 -6.1842588272e+01 -5.0799659077e+01
3.1300000000e-01 3.0018595439e+03 1.4197064292e+01 9.6701649150e+00 5.5852673663e+01 4.7539519513e+01 -1.6220392622e+01 -7.9121363065e+00 -6.8542552969e+01 -2.8240645036e+01
3.1400000000e-01 3.0110137158e+03 1.1977546887e+01 1.1190644333e+01 4.9120326768e+01 3.0582894453e+01 -2.8764631224e+01 -3.0442047463e+00 -7.5037341068e+01 -6.2939250091e+00
3.1500000000e-01 3.0035466895e+03 1.7476904988e+00 2.9220991319e+00 4.2882926945e+01 1.9645443537e+01 -2.5466511032e+01 -2.0564692715e+01 -6.4039232258e+01 1.7531587916e+01
3.1600000000e-01 3.0002932468e+03 -4.5208595246e+00 1.2583005996e+01 3.9349422968e+01 7.0426236880e+00 2.8804200671e+00 -2.0801566748e+01 -4.5330677877e+01 1.9855095101e+01
3.1700000000e-01 2.9869489328e+03 -1.4816972244e+00 2.1766700193e+01 3.1614351974e+01 -1.0259629181e+01 -1.4050552231e+01 -2.8032276582e+01 -2.9495336304e+01 2.8978273885e+01
3.1800000000e-01 2.9844215068e+03 4.9072175742e+00 2.1310114676e+01 4.2236994685e+01 -1.3002001463e+01 -1.7751797376e+01 -3.7451075594e+01 -4.9324590254e+01 2.2642289996e+01
3.1900000000e-01 2.9891373393e+03 1.3569225493e+01 2.6964018067e+01 4.4667354720e+01 1.2277345292e+01 -5.4425751568e+00 -2.4332675018e+01 -5.3522241980e+01 1.6240780202e+01
3.2000000000e-01 2.9825453913e+03 1.4797446656e+01 2.3127406636e+01 5.0369768604e+01 1.8083626169e+01 -1.6360807878e+01 -1.8484270435e+01 -6.8832401127e+01 1.6086877408e+01
3.2100000000e-01 2.9908571015e+03 1.5958016701e+01 4.9342304569e+00 5.0690965777e+01 -6.9262898157e+00 -7.6468062884e+00 -2.8385026042e+01 -9.5261536745e+01 1.8256864623e+01
3.2200000000e-01 2.9879566204e+03 2.0362015654e+01 3.5184419862e+00 6.3016617298e+01 -1.2713939458e+01 9.6055373027e+00 -3.9123554086e+01 -8.4007797785e+01 2.3879183027e+01
3.2300000000e-01 2.9811978934e+03 3.4540267700e+01 5.7603163824e-01 6.3428158565e+01 -1.1897765863e+01 2.5692545379e+01 -3.3695234510e+01 -7.2361431660e+01 2.5542661000e+01
3.2400000000e-01 2.9783045220e+03 2.7370228260e+01 7.2369723209e+00 3.5890308795e+01 -2.1702535868e+01 4.5754029436e+01 -2.6452739208e+00 -6.4398725289e+01 1.9196507475e+01
3.2500000000e-01 2.9600169149e+03 1.9501936450e+01 6.9085451880e+00 3.6712367287e+01 -3.0193091302e+01 2.0699912581e+01 -6.1428425343e-01 -8.3636292699e+01 2.4172547890e+01
3.2600000000e-01 2.9747167923e+03 2.2939012258e+01 2.4390079447e+01 4.5921126920e+01 -3.8352876111e+01 2.3718687408e+01 -1.1699510715e+01 -7.1437031137e+01 9.3604347466e+00
3.2700000000e-01 2.9652517384e+03 1.4501378037e+01 3.5064977633e+01 3.0532060162e+01 -3.6310999364e+01 2.7071018178e+01 -2.3949674004e+01 -6.0269660542e+01 1.6133204831e+01
3.2800000000e-01 2.9650196637e+03 4.9288302224e+00 2.7806355191e+01 3.9217021053e+01 -3.8779542457e+01 2.5908688548e+01 -1.9450468879e+01 -4.7292875548e+01 1.9943585633e+01
3.2900000000e-01 2.9630145428e+03 2.5550299987e+00 1.5161669666e+01 3.7922063356e+01 -2.3835318050e+01 8.8687966395e+00 -3.6875713858e+01 -6.3977524382e+01 3.1598385059e+01
3.3000000000e-01 2.9615753671e+03 -1.1947912881e+01 1.9083917022e+01 4.4371307453e+01 -2.9752160201e+01 2.2499525667e+00 -4.3935983532e+01 -5.8033279237e+01 5.3458444556e+01
3.3100000000e-01 2.9686189897e+03 -1.8445386960e+01 2.4413082910e+01 3.3159052301e+01 -2.4408975607e+01 -1.2453204648e+01 -2.6229456285e+01 -2.9214822946e+01 8.4422667374e+01
3.3200000000e-01 2.9599382559e+03 -1.8570636888e+01 2.6393364632e+01 3.5563592409e+01 -1.6421666195e+01 -2.1264447101e+01 7.0056785339e+00 3.8063950075e+00 1.0585523272e+02
3.3300000000e-01 2.9553248845e+03 -2.1966904240e+01 3.2203621246e+01 3.0096354658e+01 -4.1040649516e+01 -1.7003988268e+01 8.6425422067e+00 -8.8590177685e+00 1.0127250782e+02
3.3400000000e-01 2.9491277607e+03 -3.0165238653e+01 3.2096905841e+01 2.2277694705e+01 -3.7650828654e+01 -3.9767774121e+01 -2.3161651669e+01 -2.3374239653e+01 9.8604866679e+01
3.3500000000e-01 2.9365390617e+03 -2.6967472488e+01 3.1786350372e+01 1.8636608099e+01 -5.1879656986e+01 -4.8274470143e+01 3.2915626267e+00 -2.7510731258e+01 9.0024614666e+01
3.3600000000e-01 2.9350777110e+03 -2.8064145942e+01 1.5135489303e+01 2.5069982817e+01 -2.5848832392e+01 -6.5732316001e+01 -4.8085040756e+00 -1.2398271658e+01 1.0288323680e+02
3.3700000000e-01 2.9323784812e+03 -4.0761400218e+01 1.5919724744e+01 1.9556025837e+01 -1.2880814897e+01 -8.4866202207e+01 1.5396780451e+01 -3.3905562744e+01 1.0153065976e+02
3.3800000000e-01 2.9316211750e+03 -2.9446424548e+01 6.7436286529e+00 3.0139755863e+01 -2.5775226861e+01 -8.9835681936e+01 6.4336051932e+00 -4.4868916912e+01 9.9975024796e+01
3.3900000000e-01 2.9274882612e+03 -1.2416103363e+01 1.0247213993e+01 3.3393628700e+01 -3.1445625115e+01 -7.3456464638e+01 -6.0824319100e+00 -2.8711276237e+01 1.0468412579e+02
3.4000000000e-01 2.9292218877e+03 3.6518135610e+00 1.5986166068e+01 3.1508562028e+01 -1.7431754128e+01 -2.8861597475e+01 4.4705771942e+00 2.5621665838e+00 8.0258682641e+01
3.4100000000e-01 2.9311165498e+03 1.8414275431e+01 2.6545270335e+01 2.1701803131e+01 -3.0073415596e+00 1.4936788382e+01 -9.3259525901e+00 -1.2725123976e+01 6.1428784851e+01
3.4200000000e-01 2.9237004804e+03 1.9421370573e+01 2.5342138239e+01 2.3050615726e+01 6.3494146903e+00 1.0590895760e+01 -5.4583433243e+00 -1.4911278511e+01 3.9579485192e+01
3.4300000000e-01 2.9173278294e+03 1.5901362597e+01 3.2271719600e+01 1.7254848595e+01 3.0816900575e+00 7.4434554664e+00 -1.2705113749e+00 9.2568843470e-01 3.0110261982e+01
3.4400000000e-01 2.9235777651e+03 1.9951329068e+01 1.3867092477e+01 2.4543141148e+01 -9.8752275104e+00 -2.8048387890e+00 2.1849758635e+01 8.7323745426e+00 3.0656867817e+01
3.4455276768e-01 2.9136923272e+03 1.7828870281e+01 7.0969169711e+00 2.2333653073e+01 -1.9307276328e+01 -5.8870151289e-01 2.9512909833e+01 9.3614086479e+00 3.1153274457e+01
3.4500000000e-01 2.9081403215e+03 1.1464730811e+01 6.6744906387e+00 2.0031172391e+01 -2.1871815226e+01 1.1223278418e+00 2.3033554538e+01 -8.8348851580e+00 2.4764160756e+01
3.4600000000e-01 2.9002137590e+03 -1.9414130979e+00 1.1868822916e+01 2.2580447314e+01 -5.0931802214e+00 2.3569233116e+00 3.0052780074e+01 -1.3513491370e+01 2.8864293450e+01
3.4700000000e-01 2.9035220033e+03 -8.4901033868e+00 -5.3186476118e+00 1.5361639798e+01 -1.6919010149e+01 -1.5245775899e+01 3.0394432344e+01 1.0456751336e+01 1.7052326512e+01
3.4800000000e-01 2.9040050778e+03 2.1835719453e+00 -2.0822291840e+01 2.1683515161e+01 -9.3373376460e+00 -4.9185941632e+01 4.6358274040e-01 -8.5769582789e+00 -3.1832108639e+00
3.4900000000e-01 2.8939301275e+03 1.2784091146e+01 -1.4417156027e+01 2.2392049701e+01 -2.6102678769e+00 -3.0657385932e+01 -2.5973120764e+01 -1.9205018448e+01 -2.6888975819e-01
3.5000000000e-01 2.8922821668e+03 2.5665506558e+01 -6.9519105624e+00 2.1640303309e+01 1.5976232224e+01 -5.8493328032e+00 -3.0807993833e+01 -2.7110640892e+01 -5.8031484739e+00
3.5100000000e-01 2.8893062565e+03 2.6352047566e+01 1.7939750296e+00 3.0718616455e+01 1.0915114501e+01 5.8141322482e+00 -2.9017507224e+01 -4.8168695717e+01 1.9894581918e+01
3.5200000000e-01 2.8896987957e+03 1.1458224290e+01 -7.3198657951e+00 3.8792621227e+01 -1.4974572422e+01 -4.4370768791e+00 -4.8565187801e+01 -5.1942113316e+01 3.2072181460e+01
3.5300000000e-01 2.8786414751e+03 -2.0761013694e+00 -6.2743859148e+00 4.3060090534e+01 -3.3507514311e+01 -1.8112209661e+01 -7.0583474663e+01 -6.1419860276e+01 4.5315730601e+01
3.5400000000e-01 2.8896875096e+03 -5.4627227031e+00 -2.3613642073e+01 4.3727719134e+01 -2.9569922749e+01 -4.8077678123e+01 -6.9874894627e+01 -5.8136846184e+01 5.1406678370e+01
3.5500000000e-01 2.8859047449e+03 -6.6961789950e+00 -1.6980518239e+01 3.2879846950e+01 -4.2219321279e+01 -3.5800413436e+01 -7.9007768280e+01 -4.4108309840e+01 7.1516886022e+01
3.5600000000e-01 2.8760670594e+03 3.3891494698e+00 -2.3608997917e+01 2.2618125555e+01 -5.4897426163e+01 -1.1550236963e+01 -7.7844897373e+01 -2.2594712244e+01 6.2062248885e+01
3.5700000000e-01 2.8687966070e+03 -4.3981694478e-01 -2.0000030965e+01 1.2610332761e+01 -4.3604190125e+01 -2.7544988504e+01 -7.0221371727e+01 -1.7333392336e+01 3.3251558415e+01
3.5800000000e-01 2.8646307517e+03 -5.2930776303e+00 -1.4789443091e+01 8.0356093788e+00 -3.1738746521e+01 -3.6658386036e+01 -6.4119174639e+01 -3.8225187616e+01 2.1443741510e+01
3.5900000000e-01 2.8566605386e+03 -4.0034879256e+00 -1.3622105469e+01 1.4352345178e+01 -2.8398997313e+01 -1.1430116006e+01 -4.1750817114e+01 -6.4598054252e+01 1.8739303964e+01
3.6000000000e-01 2.8620207083e+03 -6.8648836058e+00 -1.5376936812e+01 1.8575923016e+01 -4.6938934880e+01 -1.5012516149e+00 -2.4086967983e+01 -5.3477386058e+01 2.0507138690e+01
3.6100000000e-01 2.8570753716e+03 -1.8507616081e+01 -2.0935310893e+01 2.0296765854e+01 -4.3063223376e+01 -1.2502350948e+01 -1.3080216224e+01 -3.3696494631e+01 1.6898354357e+01
3.6200000000e-01 2.8521841402e+03 -1.7923127051e+01 -8.7501181224e+00 4.5546957089e+00 -5.2208460007e+01 -2.6737293479e+00 -1.5875168933e+01 -3.3418853348e+01 6.7816033714e+00
3.6300000000e-01 2.8590818165e+03 6.3933345400e+00 -4.4064065584e+00 1.3013849751e+00 -3.7097102799e+01 1.7025523486e+01 -8.7211566615e+00 -7.1192644439e+01 3.0843184125e+00
3.6400000000e-01 2.8420437230e+03 -8.0207300536e+00 5.2740126114e-01 -4.6401712808e+00 -1.3384080856e+01 5.8211946299e+00 -1.0522422548e+01 -3.5155775619e+01 2.3299645636e+01
3.6500000000e-01 2.8393399523e+03 -9.4261380624e+00 9.5847807823e+00 4.1862945463e-01 -2.4423629259e+01 -2.9997048325e+01 -1.8485890130e+01 -2.3079181158e+01 1.3156269809e+01
3.6600000000e-01 2.8311529205e+03 -5.2846397966e+00 5.4242405049e+00 1.9081112486e-01 -1.7675101920e+01 -3.8668068580e+01 -2.3141077011e+01 -1.0449118599e+01 1.7969165553e+01
3.6700000000e-01 2.8300428727e+03 4.6632024541e-01 7.4741222627e+00 1.0583839510e+00 1.1191149338e+01 -3.2703998608e+01 -1.3201055289e+01 -2.6476239592e+01 1.4478960071e+01
3.6800000000e-01 2.8328140292e+03 1.6336659241e+01 1.4539249345e+00 -7.2456238708e+00 2.2211615279e+00 -3.2152387112e+01 -2.4401509966e+01 3.7890429493e+00 3.4218445051e+01
3.6900000000e-01 2.8222931892e+03 1.3813460079e+01 6.7957302914e+00 -2.8623840083e+00 -5.0124439835e+00 -1.3257346669e+01 -3.8323289374e+01 3.4833190756e+01 5.5809994801e+01
3.7000000000e-01 2.8194330513e+03 1.2108958269e+01 1.4018750034e+01 8.3124062953e+00 1.4509416834e+01 -9.7782430833e+00 -3.4405099627e+01 3.1454314614e+01 5.3511054478e+01
3.7100000000e-01 2.8282150081e+03 1.5534059239e+01 1.4604219644e+01 1.8209457315e+01 1.9872734261e+01 -1.6954782943e+01 -4.7392968289e+01 1.2042498086e+01 6.1238475733e+01
3.7200000000e-01 2.8215549108e+03 1.5168119492e+01 1.3038011383e+01 1.0934114301e+01 -6.0870425621e+00 -9.3500730668e+00 -6.5401042335e+01 4.6897300672e+01 8.1822000221e+01
3.7300000000e-01 2.8249968704e+03 2.1913818611e+01 1.9735779859e+01 3.0587918125e+01 -8.6092451330e+00 8.9615066638e-01 -5.4885625288e+01 6.3543872396e+01 5.4069513538e+01
3.7400000000e-01 2.8255962119e+03 3.0838659849e+01 2.5212917918e+01 3.0368474352e+01 -9.7625352890e+00 1.3008748964e+01 -4.9990044678e+01 4.5905805934e+01 2.8754989616e+01
3.7500000000e-01 2.8200301676e+03 3.5693006049e+01 3.5317826569e+01 2.6290255436e+01 -2.4080173283e+01 3.4222068395e+01 -5.7799646853e+01 3.8412855480e+01 2.6308381359e+01
3.7600000000e-01 2.8201961090e+03 5.2470595904e+01 2.5811253562e+01 3.2999586910e+01 -2.4822359980e+01 5.0588955903e+01 -4.6484576736e+01 3.6007076457e+01 -1.1015472381e+00
3.7700000000e-01 2.8174787985e+03 6.0993918173e+01 1.6911151360e+01 2.5830981992e+01 -2.7474277485e+01 2.8827327732e+01 -1.6288088991e+01 4.1538197935e+01 -4.4562279204e+01
3.7800000000e-01 2.8161796877e+03 6.3608673907e+01 1.6191525304e+01 2.0697411061e+01 -1.5569690251e+01 2.5279563245e+01 -1.9434169689e+01 3.5792573624e+01 -1.7103386361e+01
3.7900000000e-01 2.8059077911e+03 5.3993715571e+01 3.0906490074e+01 2.3824204695e+01 -2.1041835666e+01 3.8215012240e+01 -1.4149592265e+01 5.2083122041e+01 2.3867982981e-01
3.8000000000e-01 2.8005251807e+03 5.4042963968e+01 2.7645178079e+01 2.1200227404e+01 -1.9394865194e+01 2.6561217986e+01 -2.5744163189e+01 5.7072591441e+01 -2.4194510922e+01
3.8058004426e-01 2.7990283185e+03 4.9032896943e+01 2.8970541544e+01 2.8773148472e+01 -1.2383095707e+01 4.7760726334e+00 -3.1209904827e+01 5.0375926424e+01 -3.3415449334e+01
3.8100000000e-01 2.7962217648e+03 5.1845610571e+01 3.1833200075e+01 3.1913839237e+01 -1.0877234662e+01 -9.2144994413e+00 -3.5839488204e+01 6.0836127305e+01 -2.5900430683e+01
3.8200000000e-01 2.7974299910e+03 5.4157567259e+01 2.4906166562e+01 3.2472583491e+01 -3.6522456840e+01 -3.2929648201e+01 -5.7474990470e+01 6.1673345280e+01 -7.2688374747e-01
3.8300000000e-01 2.7833684134e+03 2.6099299212e+01 2.1360930050e+01 2.1142661615e+01 -5.1818290008e+01 -2.7175767085e+01 -4.1181155243e+01 7.2107688142e+01 -7.3848510873e+00
3.8400000000e-01 2.7862623972e+03 2.8638296561e+01 1.1889896691e+01 1.5544005358e+01 -3.3873485694e+01 -5.9301341106e+01 -4.1013780657e+01 5.2281344219e+01 -5.2443051664e+01
3.8500000000e-01 2.7806170996e+03 2.8121653395e+01 3.5869881460e+00 3.1137219623e+01 -1.3942940105e+01 -8.9765217302e+01 -2.7085602224e+01 4.8846140387e+01 -6.0328262925e+01
3.8600000000e-01 2.7766925000e+03 3.3484106585e+01 -6.1862210659e-01 2.5617791083e+01 2.5341003306e+01 -9.2023200849e+01 -5.7737008313e+01 5.6491784952e+01 -5.7888039500e+01
3.8700000000e-01 2.7756609872e+03 3.5384426921e+01 6.1623096042e+00 3.7533343127e+01 3.7015780350e+01 -7.2810909217e+01 -5.2634911746e+01 2.0243541748e+01 -7.1265322470e+01
3.8800000000e-01 2.7769651038e+03 4.5438342510e+01 6.9365659596e+00 2.7199008150e+01 -1.0878740371e+01 -5.9109678449e+01 -4.1608268466e+01 2.2190320163e+01 -8.7147489771e+01
3.8900000000e-01 2.7705785306e+03 3.8200466056e+01 -8.8265242780e-01 2.5713740249e+01 -7.8860864284e-01 -8.2885771375e+01 -4.1230395232e+01 2.1950319499e+01 -9.6572505062e+01
3.9000000000e-01 2.7631715283e+03 2.2929334804e+01 1.6134452422e+01 2.7155961123e+01 9.2554844870e+00 -4.8337927390e+01 -4.7930020121e+01 3.0668524851e+01 -6.4123090502e+01
3.9100000000e-01 2.7560962483e+03 2.2893476572e+01 2.1116630202e+01 2.7468376036e+01 1.3990648778e+01 -2.3854792097e+00 -6.5507345152e+01 7.2143651854e+01 -3.6413763754e+01
3.9200000000e-01 2.7545267281e+03 2.9938898399e+01 2.9086478767e+01 2.5326614257e+01 2.3044109833e+01 4.7952222997e+00 -8.5195759406e+01 7.2061922877e+01 -1.8138077545e+01
3.9300000000e-01 2.7488488110e+03 2.5957560232e+01 1.2727076805e+01 2.1776168665e+01 4.0339623714e+01 -2.2162090835e+01 -7.8733597506e+01 9.2878776062e+01 -3.6760559752e+01
3.9400000000e-01 2.7499911983e+03 1.8290062744e+01 -6.0803687332e+00 1.9280445957e+01 2.1559413577e+01 -2.6936466112e+01 -8.3446173478e+01 6.5444637544e+01 -3.0281679838e+01
3.9500000000e-01 2.7449110509e+03 1.3793373728e+01 -9.3414367611e+00 2.5499267738e+01 3.0662137614e+01 7.2002498955e+00 -6.8548610258e+01 4.5057460856e+01 -3.8818534267e+00
3.9600000000e-01 2.7420250279e+03 2.5335269238e+01 -7.7711840618e+00 2.3290992566e+01 3.0629891051e+01 5.9902920308e+00 -6.8337105979e+01 6.6845039629e+01 -2.9205879071e+01
3.9700000000e-01 2.7374736965e+03 1.5433697286e+01 -1.0604543596e+01 1.8120827310e+01 3.4978617064e+01 -1.1644721639e+01 -7.0686304317e+01 6.5924371676e+01 -4.4391000275e+01
3.9800000000e-01 2.7301708213e+03 2.5758219973e+01 -7.5373717615e+00 1.7006225214e+00 3.9969219914e+01 -3.1313851214e+00 -9.3787629259e+01 3.9468066165e+01 -5.1371616231e+01
3.9827330236e-01 2.7288629984e+03 2.6070583221e+01 -7.3643997363e+00 5.0255431017e+00 3.6616100537e+01 2.4664112769e+00 -9.0186666173e+01 3.4091574767e+01 -5.4638445298e+01
