#1:time pb [s], 2:l0m0 3. l1m-1 4. l1m0 5. l1m1 6. l2m-2 7. l2m-1 8. l2m0 9. l2m1 10. l2m2
1.0000000000e-02 3.4831843751e+02 -4.5818483294e-07 5.2877769008e-07 -4.5001812304e-05 1.2801071315e-07 -6.0494571269e-08 2.7003894922e-02 2.2202723917e-08 1.2319521891e-05
1.1000000000e-02 3.7290306866e+02 -3.7036675956e-06 2.7535441518e-06 -3.2301220325e-05 3.2060552217e-06 2.5119387041e-06 2.8908210166e-02 -1.7203968855e-06 9.9924764507e-06
1.2000000000e-02 4.6272857304e+02 -6.2863972279e-04 -2.3330260613e-04 3.3008838016e-05 4.1170936715e-05 -7.3544218337e-05 3.6428994138e-02 -2.8562029221e-04 2.8912689007e-04
1.3000000000e-02 5.3970136190e+02 3.9170137897e-05 7.8288744589e-06 6.2777851294e-05 3.7076633199e-05 2.3988901610e-04 4.2276456023e-02 -1.8662183860e-04 3.5903655355e-05
1.4000000000e-02 6.2720984685e+02 1.8511834278e-04 1.7161652630e-04 -2.3028668204e-04 8.1194237327e-05 -2.1369820126e-04 4.9133353661e-02 -5.7936072454e-05 4.3146479965e-03
1.5000000000e-02 6.8758833639e+02 -1.6770257023e-04 6.3330617778e-04 -2.6924554032e-04 4.5998204266e-05 -3.3788105004e-05 5.3581125171e-02 1.2010754403e-04 1.5353151794e-04
1.6000000000e-02 7.5658421614e+02 4.0305180661e-05 1.0344697593e-03 3.1505328041e-03 4.6009571151e-05 2.1866819389e-04 6.0337490610e-02 -1.3741870817e-04 2.1821177483e-03
1.7000000000e-02 8.0335861998e+02 -1.6542285507e-04 8.2056635469e-04 7.1337318261e-05 5.7282720979e-05 2.0635442867e-04 6.3072199439e-02 -1.2882873130e-05 2.2576615230e-04
1.8000000000e-02 8.7443716090e+02 -1.2818010067e-04 2.3011963002e-03 -9.8914908161e-04 2.7940440902e-04 -1.0280621043e-04 6.7826514464e-02 -2.0923526234e-04 1.3061775094e-02
1.9000000000e-02 9.4069873005e+02 7.8940456629e-05 1.5678592101e-03 3.3212298686e-04 1.5805589529e-04 -1.5330692146e-04 7.2959733711e-02 -4.3946273858e-05 -3.5774855107e-03
1.9463690432e-02 9.7988985348e+02 -1.7243013370e-05 1.7030115272e-03 1.4857622186e-03 2.8756172426e-04 -1.6077184095e-04 7.6742897510e-02 -3.0811815325e-04 -4.0802635873e-03
2.0000000000e-02 1.0221719702e+03 -3.1229172740e-05 1.7297866031e-03 1.4134121271e-03 2.1312828405e-04 3.2546900006e-06 7.8363812525e-02 -3.2050666759e-04 -6.5569226754e-03
2.1000000000e-02 1.0994700292e+03 9.2633450520e-05 7.6916006560e-03 1.0621296156e-02 1.5499393242e-04 -2.6068959018e-04 1.5415267723e-01 -3.1614743666e-03 2.0755319368e-02
2.2000000000e-02 1.1196672491e+03 -2.5323333267e-05 2.1225652120e-03 1.4732843075e-03 3.3715027509e-04 6.7187464642e-05 8.9144913493e-02 -1.8784976394e-04 2.8132601765e-03
2.3000000000e-02 1.1546991448e+03 8.3401186043e-05 2.1165800095e-03 4.3718053048e-03 1.0192475276e-04 -8.5276336979e-05 9.5134892744e-02 -9.1852426973e-04 1.2685871204e-02
2.4000000000e-02 1.1852212210e+03 6.1773067337e-05 2.3019363132e-03 -9.7243345195e-04 3.3154155584e-04 1.4435178027e-04 -8.8385493483e-02 1.9495196525e-04 -3.7455367748e-02
2.5000000000e-02 1.2229451309e+03 5.1122016301e-05 1.7498297334e-03 -1.7734478401e-03 2.6683815063e-05 -2.1575504124e-04 9.3330990202e-02 1.4347315569e-04 2.2868406650e-03
2.6000000000e-02 1.2690554166e+03 1.7486429696e-04 6.0566253862e-03 2.1679801187e-02 7.9013174037e-04 3.1652787651e-04 1.4512192641e-01 -9.1774629865e-04 8.4658450478e-03
2.7000000000e-02 1.3202039554e+03 -1.6287745646e-04 2.7454658755e-03 -8.1375462095e-04 1.3436313902e-04 2.2727614553e-05 9.8356776053e-02 4.1002233451e-04 7.4048882917e-05
2.8000000000e-02 1.3663594516e+03 -4.7920674137e-04 2.9024755731e-03 -5.4152217271e-04 3.1247098241e-04 1.3365993130e-04 1.0156950439e-01 -1.9456670849e-04 -3.8362143604e-04
2.9000000000e-02 1.4081634941e+03 2.7040987762e-04 2.4873421914e-03 -2.4196144310e-03 9.4154936982e-05 2.1652879343e-04 1.0459207477e-01 4.4526343415e-04 -1.4381609083e-03
3.0000000000e-02 1.4423013008e+03 1.7326909965e-04 4.7567286700e-03 -2.8910345982e-02 2.6960252132e-04 7.7666953099e-05 6.7351152037e-03 2.8544793605e-03 -2.2825277549e-02
3.1000000000e-02 1.4753827733e+03 -3.3510563593e-04 -7.4531687500e-04 2.3813530751e-02 -1.2374056817e-04 3.4766552692e-04 3.1322644937e-01 -2.5989187072e-03 1.2568386528e-01
3.2000000000e-02 1.4955984184e+03 -4.0361119742e-04 2.9312130517e-03 -7.7263029797e-03 -3.5872565488e-04 5.8860979527e-04 1.0071613956e-01 1.4742486446e-03 -7.0177830106e-03
3.3000000000e-02 1.5196817553e+03 -2.0903765009e-03 1.8754617295e-03 -2.1068436144e-02 -1.7087742699e-03 1.3892105361e-03 9.6297007443e-02 2.3569604059e-03 -4.6081836650e-02
3.4000000000e-02 1.5489298803e+03 -7.6952235395e-03 4.7595099607e-03 -3.5804584683e-02 -5.3181280000e-03 3.0556698406e-03 1.0038090468e-01 3.6214272550e-03 -7.5725068716e-02
3.5000000000e-02 1.5865181762e+03 -2.6107210024e-02 9.8002295895e-03 -1.0230828705e-01 -1.7314705232e-02 1.0657463627e-02 7.8027373129e-02 1.2440366522e-02 -1.7090127420e-01
3.6000000000e-02 1.6129719314e+03 -5.6028428464e-02 2.1967313159e-02 -1.8560825012e-01 -4.7500537755e-02 2.5260093838e-02 7.7771734834e-02 2.0422301147e-02 -2.9840402991e-01
3.7000000000e-02 1.6377551133e+03 -2.5069688877e-01 7.8427393014e-02 -8.0565681377e-01 -1.8230944326e-01 8.8472903479e-02 -3.5106275857e-02 6.8223002404e-02 -1.0084137384e+00
3.8000000000e-02 1.6590956647e+03 -1.0314363520e+00 2.2983624969e-01 -3.4054896351e+00 -5.3725353973e-01 2.6815503326e-01 -4.6735296098e-01 1.6808843502e-01 -3.3204975506e+00
3.9000000000e-02 1.6648071757e+03 2.3171410138e+00 -6.9625314477e-01 1.0196236723e+01 2.0900131925e+00 -5.7988314928e-01 1.3345975561e+00 -3.0662859749e-01 5.6463416442e+00
4.0000000000e-02 1.6711994242e+03 -8.3269538072e+00 9.2312345177e-01 -2.7351358384e+01 -1.2892132797e+00 1.4138312746e+00 -8.8705034194e+00 -1.0748183431e-01 -2.0158584845e+01
4.1000000000e-02 1.6189496022e+03 -9.8020721478e-01 -9.1133378575e-02 -7.9311543214e+00 9.1562435255e-02 -3.2274321064e-01 -1.2820228499e+00 1.1489790909e-01 -3.6139388766e+00
4.2000000000e-02 1.6051992627e+03 9.2824430178e-01 -8.2899607792e-02 -2.2403647146e+00 3.7393907236e-01 -7.5923668633e-01 -4.3790665487e-01 -2.3518061787e-01 5.2731722127e+00
4.3000000000e-02 1.6180346352e+03 1.5118920697e+00 3.3491559160e-01 2.7723244374e-01 -3.9725038176e-01 3.3840951895e-01 6.6368303315e-01 -2.3465849598e-01 2.8917708729e+00
4.4000000000e-02 1.6203844441e+03 2.0161353769e+00 5.5444758082e-01 2.6521103781e+00 -4.0365297884e-01 3.0667976569e-01 3.6612987840e+00 7.9081155446e-02 5.0217391071e+00
4.5000000000e-02 1.6298635322e+03 -5.2566552826e-01 4.2838638693e-01 4.0626744933e+00 -1.2604554781e-01 8.3109574538e-01 2.6992202339e+00 8.0309442217e-02 -3.0361810272e+00
4.6000000000e-02 1.6446062584e+03 -4.0473298977e-01 -4.0123924548e-01 2.0730634012e+00 -5.9948454758e-01 8.8207429337e-01 1.9201704541e+00 1.6534062794e-01 -9.7797068488e+00
4.7000000000e-02 1.6724967134e+03 -1.2289228127e+00 5.2120959882e-01 -3.1085016478e-01 -1.0453346088e+00 6.9679338211e-01 2.5264224870e-01 4.7933886836e-01 -1.9236497991e+01
4.8000000000e-02 1.6991210073e+03 -5.8181583637e-01 8.7431115048e-01 -1.0506769947e+00 -1.3509902935e+00 2.4546571447e-01 -1.6298319538e+00 4.4949898952e-01 -2.0806437949e+01
4.9000000000e-02 1.7254242953e+03 -1.0469538828e+00 -1.2526583090e+00 -3.1325025898e+00 -8.3146512748e-01 -7.3370621317e-01 -2.6849113953e+00 3.4598123205e-01 -1.7005863879e+01
5.0000000000e-02 1.7434801631e+03 -5.9912683271e-01 -6.4461829937e-01 -4.4064502496e+00 -6.4972084809e-01 -1.5050295539e+00 -3.9928230507e+00 1.1390518910e-01 -6.7009325649e+00
5.1000000000e-02 1.7648553267e+03 -1.1370317200e+00 3.0774497873e+00 -5.2447861931e+00 8.9780498566e-01 -2.5499288711e+00 -1.0507779710e+00 9.0089645058e-02 6.3865001688e+00
5.2000000000e-02 1.7841840298e+03 1.6809072201e-01 1.1431125033e+00 -5.1603505780e+00 1.1179567930e+00 -1.0821658511e+00 1.6932293306e+00 -4.8859699250e-01 2.0224550887e+01
5.3000000000e-02 1.8028912108e+03 -4.7525698710e-01 -2.1938522211e+00 -4.0930906029e+00 1.3672694726e+00 -2.6613036574e-01 3.7378471833e+00 -4.0957270300e-01 2.4922888962e+01
5.4000000000e-02 1.8179161227e+03 6.3537323891e-01 5.2054957460e-01 -6.1235453333e-01 1.6562675327e-01 1.1579866232e-01 5.5322852776e+00 -5.3479563834e-01 2.1356472052e+01
5.5000000000e-02 1.8377752931e+03 1.0439529091e+00 3.2724155562e+00 4.0864682921e-01 -4.0434865889e-01 1.0520593880e+00 5.2225347367e+00 -2.6527267122e-01 1.3413746380e+01
5.6000000000e-02 1.8510495377e+03 1.0146168300e+00 2.0090422666e+00 7.5100306866e+00 -5.0739346235e-01 5.5526674118e-01 6.4265878628e+00 9.6240658540e-01 4.9934479312e-01
5.7000000000e-02 1.8623985041e+03 -9.8778333317e-02 3.6091466011e-02 5.1267424999e+00 -2.0070823707e-01 1.5963610152e+00 3.5793864413e+00 3.4342600952e-01 -1.1611692250e+01
5.8000000000e-02 1.8734333602e+03 -7.6133177767e-01 -8.7973811253e-01 5.5453001719e+00 -1.2397971487e+00 5.8152653806e-01 1.2470899818e+00 5.4091009809e-01 -1.9711779717e+01
5.9000000000e-02 1.8873212956e+03 -8.0010822528e-01 -4.2035863351e-01 6.6842499088e+00 -1.1318450884e+00 -1.8662851246e-01 -9.6034603269e-01 5.6442405119e-01 -1.9932120077e+01
5.9111073516e-02 1.8885223843e+03 -8.1965973911e-01 -2.2711025243e-01 6.4572631311e+00 -1.0986235781e+00 -2.3043293711e-01 -1.7715635357e+00 4.7356659363e-01 -1.9535908781e+01
6.0000000000e-02 1.8984460756e+03 -2.1945341018e-01 2.2338950792e+00 7.4471517404e+00 -1.1024142249e+00 -4.7631181445e-02 -4.5209148817e+00 2.1073720823e-01 -1.7213339070e+01
6.1000000000e-02 1.9083440385e+03 -3.3679846676e-01 2.5700864839e+00 6.1370227825e+00 -1.4690867364e+00 -1.6320554599e+00 -4.9274639196e+00 3.8881769769e-01 -1.2279864378e+01
6.2000000000e-02 1.9132598598e+03 -1.3136675554e+00 -1.1868719259e+00 6.6363281722e+00 2.7000254653e-02 6.6155762958e-01 -2.6084986887e+00 3.5340656868e-01 -4.0789650607e+00
6.3000000000e-02 1.9146568122e+03 -1.0861977324e+00 -2.5717308915e+00 3.7758981268e+00 -7.4459403795e-02 2.5658953741e-01 -1.6680121769e+00 2.6467112529e-01 4.9269399288e+00
6.4000000000e-02 1.9205134628e+03 -1.6985849895e+00 -5.2125120103e-01 3.2520762270e+00 -1.3380200817e-01 -8.5760377088e-01 6.2265310207e-02 4.5507010456e-01 1.0415012041e+01
6.5000000000e-02 1.9254885618e+03 -1.5072382055e+00 1.3919720280e+00 2.2084781772e+00 2.8330253149e-02 1.5836836371e-01 2.6375127830e+00 -2.1464599797e-01 1.3312156718e+01
6.6000000000e-02 1.9320235678e+03 -5.3604281780e-01 1.2653210541e+00 1.3055987024e-01 -8.0068315246e-01 3.0492452486e-01 4.2905847559e+00 -2.5673864653e-01 1.3272401977e+01
6.7000000000e-02 1.9378266181e+03 -4.5884838254e-02 8.2544993356e-01 -6.7975432535e-01 -1.1823073103e+00 6.5001373484e-01 5.5522433287e+00 -2.9763161989e-01 1.1020237426e+01
6.8000000000e-02 1.9416987832e+03 -4.0062472528e-01 6.9380759395e-01 1.6760502197e+00 -8.2964495706e-01 1.5607853513e-01 8.0888261377e+00 4.6889935092e-01 8.1456067226e+00
6.9000000000e-02 1.9432509101e+03 -8.7156403486e-01 1.0216954517e+00 1.9130222684e+00 -8.6933825947e-01 1.0684818510e+00 6.9469120800e+00 7.1607371925e-01 1.3784193649e+00
7.0000000000e-02 1.9486598877e+03 -1.0622529231e+00 -4.1796257639e-01 1.1740061561e+00 -8.2610754995e-01 1.0058643359e+00 6.1791892993e+00 8.5526934271e-01 -4.1157226592e+00
7.1000000000e-02 1.9555106997e+03 -1.1244120515e+00 6.4082612126e-01 1.4125751817e+00 -1.2681086230e+00 -6.5967678851e-02 4.3847431114e+00 7.5420234055e-02 -8.6888952275e+00
7.2000000000e-02 1.9647285789e+03 -3.8674013043e-01 2.0198859667e+00 3.2526872238e+00 -9.0947187333e-01 5.5808354227e-02 9.1336139103e-01 3.5256054039e-01 -1.1444506357e+01
7.3000000000e-02 1.9720600377e+03 -7.0037837064e-01 2.1174103073e+00 3.7079065949e+00 -7.6260640336e-01 2.6090819270e-02 -1.4969779916e+00 2.6726439146e-01 -1.3709338977e+01
7.4000000000e-02 1.9776147005e+03 -9.1350384252e-01 1.0790926422e+00 5.6462442553e+00 -1.5545204012e+00 8.8050547465e-02 -2.1372097627e+00 3.6111908690e-01 -1.2839418248e+01
7.5000000000e-02 1.9828436666e+03 -1.5599854152e+00 -4.7551994738e-01 5.9787286216e+00 -5.5462274340e-01 3.6932615669e-01 -3.4038292668e+00 1.2246735767e-01 -7.7457879046e+00
7.6000000000e-02 1.9852531309e+03 -2.5667293918e+00 -1.5574117220e+00 6.4171462103e+00 -1.1710225264e+00 6.4943700452e-01 -2.2827640153e+00 -1.0667790478e-01 -2.5804523217e+00
7.7000000000e-02 1.9928872155e+03 -2.7903110261e+00 1.6934195105e-01 6.4051233507e+00 -9.0782710164e-01 4.8250282815e-01 -2.2788129980e+00 -8.0834618779e-01 2.2012904396e+00
7.8000000000e-02 1.9962420779e+03 -1.8356948176e+00 2.3817063282e+00 6.1522749033e+00 -1.1614735469e+00 3.3648549014e-01 -1.2734196003e+00 -8.7937822750e-01 5.5726712420e+00
7.9000000000e-02 2.0005159425e+03 -2.1739938688e+00 1.0543170046e+00 6.4306053481e+00 -1.0702478399e+00 4.7132792640e-01 2.8525559083e+00 -5.7377480023e-01 8.7068886934e+00
8.0000000000e-02 2.0040395742e+03 -2.7117641264e+00 -2.5868783251e-01 5.8135716230e+00 -1.6408856039e+00 2.7640463160e-01 3.5652400503e+00 3.6370983529e-01 6.5523873724e+00
8.1000000000e-02 2.0055498934e+03 -2.1242207455e+00 -1.5644910613e-01 5.2159063112e+00 -9.4292714333e-01 5.2113996710e-01 3.7030617105e+00 1.3479761072e+00 9.1356006254e+00
8.2000000000e-02 2.0065041516e+03 -1.2524222739e+00 9.6814928785e-01 6.0542757341e+00 -7.2879079375e-01 8.0171372918e-01 4.4988057885e+00 1.1800612660e+00 8.0205333661e+00
8.3000000000e-02 2.0094600585e+03 -8.5854484728e-01 2.6153605422e+00 5.5847428838e+00 -8.3434570611e-01 5.8872434841e-01 6.5319389717e+00 1.1191782842e+00 6.3842256753e+00
8.4000000000e-02 2.0131239559e+03 -9.3489117517e-01 1.6395969862e+00 4.4339469459e+00 -5.6587340441e-01 -3.0530117765e-02 7.2059151416e+00 9.5453606096e-02 4.0653073845e+00
8.5000000000e-02 2.0187606013e+03 -2.4231505161e-01 4.1992293274e-02 5.7480519398e+00 3.1920031325e-01 3.7989866099e-01 5.5252285060e+00 -4.4407886827e-01 -1.7218282168e-01
8.6000000000e-02 2.0208945962e+03 -3.2839833352e-01 -1.9727220856e-01 7.9799154915e+00 1.4171692084e+00 1.5687455940e-01 3.0480020981e+00 -3.6267653578e-01 -2.1705083414e+00
8.7000000000e-02 2.0191432795e+03 -1.4960323873e+00 -3.0305551556e-01 8.2850606700e+00 1.8760996688e+00 -1.6516763132e-01 2.0079296544e+00 -6.2799947324e-01 -3.7548279205e+00
8.8000000000e-02 2.0183040756e+03 -1.7452264260e+00 -5.5798297251e-01 9.5806435444e+00 1.5197782191e+00 5.2090371727e-01 1.8235988900e+00 -6.8301529335e-01 -4.7716107477e+00
8.9000000000e-02 2.0170910736e+03 -1.3276751933e+00 -2.5497846011e-01 9.7646249379e+00 7.9115812480e-01 4.3435539679e-01 2.6574694641e+00 -5.4866327086e-01 -7.3916578356e+00
9.0000000000e-02 2.0182701251e+03 -2.0649178382e+00 6.0780003157e-01 1.0472278299e+01 3.8223552981e-01 1.3175141358e+00 2.0350016902e+00 -8.7940864203e-02 -7.4970957210e+00
9.1000000000e-02 2.0176612388e+03 -3.3432324535e+00 2.4462834532e+00 1.1206480434e+01 -5.6857688021e-01 1.9855298012e+00 3.2433637591e+00 4.9121420575e-01 -7.6829420543e+00
9.2000000000e-02 2.0157353507e+03 -3.0252033528e+00 2.5955241444e+00 1.0782575446e+01 -3.0723910062e-01 2.1760942400e+00 6.2398451639e+00 1.3043243593e-01 -8.9438925076e+00
9.3000000000e-02 2.0122777867e+03 -3.1266643168e+00 2.1137070144e+00 1.1024783741e+01 -2.2242889795e-01 2.2519207888e+00 9.0632792041e+00 -5.1664371544e-02 -9.4521676112e+00
9.4000000000e-02 2.0094821225e+03 -3.1510638863e+00 3.0103653754e+00 1.1623019491e+01 2.0181519061e-01 2.5221786908e+00 1.0109782299e+01 8.5595219707e-01 -8.7262860549e+00
9.5000000000e-02 2.0082285962e+03 -2.4248753907e+00 4.7305655246e+00 1.0987671723e+01 9.9349202424e-01 2.2678855751e+00 1.1164101270e+01 3.6101562059e-01 -8.4215588430e+00
9.6000000000e-02 2.0061388869e+03 -9.3099248018e-01 5.5629669126e+00 1.2454256412e+01 1.8217866211e+00 2.8264233758e+00 1.0907744156e+01 -5.2286627843e-01 -8.4296662439e+00
9.7000000000e-02 2.0014195647e+03 -2.2807949148e-01 5.8621721680e+00 1.3417341073e+01 3.9194773665e+00 3.6582132140e+00 1.2363452172e+01 -6.3873424919e-01 -9.2441177711e+00
9.8000000000e-02 1.9970880102e+03 4.0564310530e-01 5.6893566705e+00 1.3454091384e+01 5.1299805733e+00 4.1465289733e+00 1.2815100438e+01 -1.3559613274e+00 -9.1051201330e+00
9.8607216300e-02 1.9946178930e+03 8.1499953029e-01 5.5550898662e+00 1.3807900477e+01 5.8011119047e+00 4.2380342400e+00 1.3427113836e+01 -1.4623193091e+00 -8.6697672100e+00
9.9000000000e-02 1.9932403548e+03 1.5562937033e+00 5.5740774852e+00 1.4419015869e+01 6.0731667561e+00 3.9988557074e+00 1.3886327572e+01 -1.6369319798e+00 -8.5130091658e+00
1.0000000000e-01 1.9906418894e+03 3.0085269211e+00 5.8619628162e+00 1.4872882205e+01 5.6592170333e+00 3.1996320430e+00 1.4992280063e+01 -2.2567957212e+00 -8.6696279292e+00
1.0100000000e-01 1.9893913416e+03 3.5146532119e+00 5.7581389694e+00 1.3588809640e+01 5.0564827806e+00 1.7820975938e+00 1.5294677392e+01 -2.5795303943e+00 -7.9339785487e+00
1.0200000000e-01 1.9881823492e+03 4.4499314555e+00 5.5531048950e+00 1.3648705762e+01 3.6931967617e+00 8.1865445393e-01 1.4122390591e+01 -3.2077110763e+00 -6.8221042908e+00
1.0300000000e-01 1.9868939933e+03 5.0184995739e+00 5.2472200561e+00 1.3877855876e+01 4.1756964168e+00 1.4508182546e-01 1.1917941386e+01 -3.3160301508e+00 -3.6282840907e+00
1.0400000000e-01 1.9845773662e+03 3.3573527216e+00 4.6395750963e+00 1.4547182786e+01 4.2981825059e+00 -7.2618755161e-01 1.0150029621e+01 -2.7703474520e+00 -7.1787575177e-01
1.0500000000e-01 1.9808060361e+03 1.7115889782e+00 3.8555646022e+00 1.5274155579e+01 4.4414142394e+00 -1.9414035330e+00 9.1691831662e+00 -7.7919519492e-01 1.3495639063e+00
1.0600000000e-01 1.9775554017e+03 1.7403217430e-02 3.1940327307e+00 1.6030429280e+01 3.5072063317e+00 -2.5169632532e+00 7.6816547358e+00 -6.0963597837e-01 1.7385325270e+00
1.0700000000e-01 1.9753494066e+03 -1.4043401741e+00 2.8307418434e+00 1.4738818153e+01 2.5314460308e+00 -2.7685486744e+00 4.6473124729e+00 -1.0068702297e-02 1.2857243905e+00
1.0800000000e-01 1.9736008280e+03 -9.8570979582e-01 4.1557261722e+00 1.3859042650e+01 2.0984143528e+00 -2.1071565245e+00 1.2769730141e+00 4.1286322273e-01 6.8070203830e-01
1.0900000000e-01 1.9735435618e+03 -2.2479267257e-01 5.4651643581e+00 1.3168406948e+01 2.3886892250e+00 -1.2095701138e+00 -1.2499337799e+00 1.4495419368e+00 2.1360635123e+00
1.1000000000e-01 1.9759006080e+03 1.1753079853e+00 5.3348630322e+00 1.3395382998e+01 4.1299630341e+00 1.9371818801e-01 -2.0872070650e+00 2.0959437294e+00 3.9306422370e+00
1.1100000000e-01 1.9773345499e+03 1.3464841765e+00 4.1633846312e+00 1.3306678954e+01 5.0588566063e+00 1.7263932989e+00 -2.4344618715e+00 2.5125971724e+00 3.8344915929e+00
1.1200000000e-01 1.9786655126e+03 1.3953748819e+00 2.8044517167e+00 1.2825784489e+01 4.4155582618e+00 3.2688314980e+00 -3.7162329857e+00 2.8219419900e+00 4.6964870661e+00
1.1300000000e-01 1.9799926138e+03 1.5033780119e+00 1.4861785175e+00 1.2752533125e+01 3.4348133972e+00 4.9381519367e+00 -6.7654697883e+00 4.0318836673e+00 6.1681944596e+00
1.1400000000e-01 1.9796797696e+03 1.6277661368e+00 3.1083779319e+00 1.2598693375e+01 2.4974894912e+00 6.6121767704e+00 -8.3919589378e+00 4.7108132198e+00 8.4607028044e+00
1.1500000000e-01 1.9777012969e+03 5.3426464316e-01 5.8201589233e+00 1.1455280936e+01 2.0892375194e+00 7.5132439467e+00 -1.0022428151e+01 6.4358488502e+00 8.7955315262e+00
1.1543465669e-01 1.9764643090e+03 -1.1655899764e-01 6.5333372080e+00 1.1060330398e+01 1.6917871504e+00 7.8720819981e+00 -1.0905666396e+01 7.2805245689e+00 8.2105790517e+00
1.1600000000e-01 1.9736659096e+03 -7.1750255992e-01 6.5589350104e+00 1.0143655390e+01 5.3809822276e-01 8.0380704488e+00 -1.1584706367e+01 8.3569060795e+00 8.1524025689e+00
1.1700000000e-01 1.9684419999e+03 6.9851048892e-01 4.8553140294e+00 9.1552399050e+00 -2.3098827089e+00 6.8409662627e+00 -1.2359677403e+01 9.0428668046e+00 9.0288703379e+00
1.1800000000e-01 1.9640986714e+03 3.0966040792e+00 2.7522084453e+00 8.7229398321e+00 -3.6430543897e+00 5.3651435150e+00 -1.2279115088e+01 7.5811071775e+00 1.0347115391e+01
1.1900000000e-01 1.9604859856e+03 3.4195850309e+00 1.9122575014e+00 7.8110948794e+00 -5.1543237690e+00 4.8707645734e+00 -1.0447792897e+01 6.0429890885e+00 8.5099861361e+00
1.2000000000e-01 1.9569252489e+03 1.6141434202e+00 3.1273844728e+00 8.4421096599e+00 -4.7046603354e+00 4.6402397709e+00 -8.2266584402e+00 5.6743408039e+00 6.1624062053e+00
1.2100000000e-01 1.9542359340e+03 -7.1571681563e-01 2.8353491404e+00 8.5827748768e+00 -4.8287212692e+00 3.6551866936e+00 -7.7534251098e+00 6.1783802080e+00 6.0733208914e+00
1.2200000000e-01 1.9504475470e+03 -1.2008662468e+00 1.5678463279e-01 9.0114486816e+00 -5.4231479210e+00 -2.8330354193e-01 -7.5954522167e+00 5.8604702112e+00 4.7174366096e+00
1.2300000000e-01 1.9458536045e+03 -5.5606580552e-01 -6.8640712356e-01 1.0087064537e+01 -4.4373452003e+00 -2.7814182657e+00 -6.5872505192e+00 4.7687394578e+00 3.1224318023e+00
1.2400000000e-01 1.9417555492e+03 8.9611230668e-02 1.9350276906e+00 9.5535065315e+00 -8.6792084501e-01 -1.9083886113e+00 -3.4644751881e+00 3.6718839640e+00 -9.5208718875e-01
1.2500000000e-01 1.9368753020e+03 1.8654900664e-01 3.4577391132e+00 1.1301178353e+01 5.7991821108e-01 -1.2498926811e+00 -7.0988065728e-01 2.3502279202e+00 -2.8902134185e+00
1.2600000000e-01 1.9311326782e+03 -3.7541186923e-02 2.1552278349e+00 1.0386586937e+01 3.0544570284e+00 -7.7140428201e-01 -5.0019682437e-01 -5.8981470435e-01 -5.2690018083e+00
1.2700000000e-01 1.9247316593e+03 -1.8306895912e+00 5.5012467448e-01 9.5026124108e+00 4.5776721436e+00 -2.8083824442e+00 -1.4263014909e+00 7.9553740506e-01 -9.8122238258e+00
1.2800000000e-01 1.9194922473e+03 -2.1712454445e+00 -1.3246529078e+00 1.1339810140e+01 5.7605869501e+00 -4.6441312123e+00 -3.0081289795e-01 2.2212776038e+00 -8.8832054174e+00
1.2900000000e-01 1.9166008579e+03 -1.9388456039e+00 9.6061761520e-01 1.5496783494e+01 4.9412083397e+00 -3.4830379645e+00 3.4854599456e-01 9.6678555008e-01 -6.2375460112e+00
1.3000000000e-01 1.9172567500e+03 -2.5019394384e+00 4.6478350437e+00 1.6621825498e+01 4.7095531015e+00 -1.3535701632e+00 -3.0131670482e-01 -7.9622030024e-02 -4.6118762105e+00
1.3100000000e-01 1.9142318227e+03 -4.1182144577e+00 3.6385278759e+00 1.6201316855e+01 5.8500511171e+00 -5.4332236009e-01 -2.5190296307e+00 3.8620105317e+00 -4.4857438805e+00
1.3200000000e-01 1.9091691579e+03 -6.6705415228e+00 1.7252595372e+00 1.7200951767e+01 3.8175408126e+00 9.9811456338e-01 -1.2813076881e+00 6.7355549062e+00 -4.2815996187e+00
1.3300000000e-01 1.9057914627e+03 -7.6255038769e+00 1.2167589450e+00 1.8551523316e+01 -1.8291939518e+00 3.8737590872e+00 -1.2570960199e+00 5.0466788143e+00 -8.4163815569e-01
1.3400000000e-01 1.9050501133e+03 -5.5989851154e+00 -3.1190094465e-01 2.1020507297e+01 -1.9166255333e+00 1.8291830672e+00 -5.5264790379e+00 4.6423600444e+00 1.0274959461e+00
1.3500000000e-01 1.9032549426e+03 -3.4932974290e+00 1.1567514838e+00 2.0052711595e+01 1.7296611246e+00 -2.1534470995e+00 -7.8578603928e+00 8.4229339905e+00 1.9246295153e+00
1.3600000000e-01 1.8919930674e+03 -2.6930391481e+00 2.6499251041e-01 2.0221389926e+01 1.2954967126e+00 3.3879320678e-01 -8.2865204799e+00 6.9852348535e+00 2.7577781954e+00
1.3700000000e-01 1.8799831097e+03 -1.5440662630e+00 8.2352442000e-01 2.3966317487e+01 -2.1528683904e+00 4.9924993476e+00 -9.3025279741e+00 4.1966748578e+00 3.3896056819e+00
1.3800000000e-01 1.8722185134e+03 -3.9114100412e+00 3.2404810834e+00 2.4791954479e+01 -5.1168011206e+00 1.8511613156e+00 -8.7046011869e+00 5.8137754819e+00 4.5107203438e+00
1.3900000000e-01 1.8642396860e+03 -1.4045907750e+00 4.8138533409e+00 2.4905888313e+01 -5.5330643592e+00 -1.6980407470e+00 -2.9332297247e+00 5.6230039435e+00 4.2920916107e+00
1.4000000000e-01 1.8561596084e+03 1.6083616204e+00 7.6388630458e+00 2.2206498152e+01 -3.8273853838e+00 -9.0217083438e-01 -1.2702133148e-01 2.6681235884e+00 2.8993516666e+00
1.4100000000e-01 1.8515515883e+03 1.4891550005e+00 7.1480469452e+00 2.2104886983e+01 -3.1996835681e+00 3.5037917492e+00 -1.8990762184e+00 3.7296384309e-01 3.3167198740e+00
1.4200000000e-01 1.8397512578e+03 7.1859366566e-01 4.4340661084e+00 2.2737577873e+01 -2.8391028061e+00 3.0377619077e+00 2.6562182539e-02 -2.4138413797e-01 4.8041290479e+00
1.4300000000e-01 1.8250639531e+03 1.9068386488e+00 3.4386771601e+00 2.1044384904e+01 -1.6995695850e+00 5.4199766076e-01 2.6920318203e+00 8.1217820918e-01 6.3116960477e+00
1.4400000000e-01 1.8138061763e+03 2.6426702957e+00 4.0245937967e+00 2.0372035408e+01 2.8863927130e+00 1.2413500081e+00 1.3461831300e+00 -1.6329400727e-01 7.8677445381e+00
1.4500000000e-01 1.8041935339e+03 7.3990532081e-01 6.5134941758e+00 2.2580371022e+01 3.7097348776e+00 3.4432886112e+00 3.2594429240e-02 -2.2550429527e+00 7.2211858035e+00
1.4600000000e-01 1.7950666097e+03 -1.7502246419e+00 4.9629819069e+00 2.4076119307e+01 2.6456730223e+00 3.7622289967e+00 2.4331689126e+00 -1.3188539106e+00 2.2851163013e+00
1.4700000000e-01 1.7865078093e+03 -1.6420327603e+00 6.6939385268e+00 2.2813761132e+01 6.5719880203e+00 1.8639716974e+00 4.0524206495e+00 -4.8727630487e-01 1.0841383351e+00
1.4800000000e-01 1.7764684643e+03 -2.9763163897e+00 9.5653362165e+00 2.1417787643e+01 9.0263770644e+00 6.7032040629e-01 1.8762477146e+00 -1.7260829056e-01 3.3666444381e+00
1.4900000000e-01 1.7672892206e+03 -4.2906251681e+00 1.2960732331e+01 1.9921096797e+01 8.4618858373e+00 7.0350490392e-01 7.9745815120e-01 -7.8541650371e-01 2.1680097201e+00
1.5000000000e-01 1.7551209084e+03 -4.9097656461e+00 1.2384495284e+01 1.9323234708e+01 8.8069952760e+00 2.0584993866e+00 5.9037116543e-01 1.1623410590e+00 -3.2993211862e-01
1.5100000000e-01 1.7424109931e+03 -5.7589466788e+00 6.8037909887e+00 2.0101927870e+01 1.0137832575e+01 -1.0242465371e+00 -8.1577848499e-01 1.0391018504e+00 3.8296121985e-01
1.5200000000e-01 1.7260402092e+03 -4.8742921386e+00 6.9772565868e+00 2.1277169810e+01 1.0979481842e+01 -1.8842553740e+00 -3.6676609912e+00 1.2587504016e-01 2.6884691292e+00
1.5300000000e-01 1.7118917306e+03 -5.2009574893e+00 8.3998367587e+00 1.9944671970e+01 1.1914536831e+01 1.2122635797e+00 -4.1759183011e+00 9.4904063484e-01 1.7335836245e+00
1.5400000000e-01 1.7013035724e+03 -4.7259493674e+00 8.2464673125e+00 1.6289425278e+01 1.3158848155e+01 2.4349998465e+00 -2.0311279474e+00 6.0427505861e-01 -9.1237873279e-01
1.5460596014e-01 1.6943524402e+03 -3.5899986140e+00 8.2547789310e+00 1.5465318530e+01 1.3771426941e+01 -4.9502582111e-01 -1.4336460058e+00 -1.0440262100e+00 -2.3391478672e+00
1.5500000000e-01 1.6892168853e+03 -3.0905787623e+00 8.1718943085e+00 1.5546059446e+01 1.3769735878e+01 -2.1122272081e+00 -1.4908801035e+00 -2.0247353024e+00 -2.2201841766e+00
1.5600000000e-01 1.6711102595e+03 -3.5622646734e+00 8.2519340593e+00 1.8380052020e+01 1.1703002791e+01 1.0354379088e+00 -9.0515095612e-01 -3.0126867559e+00 -3.0229349436e-01
1.5700000000e-01 1.6553574687e+03 -3.9608472611e+00 8.0690905901e+00 2.1121603708e+01 9.0562097254e+00 1.8591957391e+00 8.8545853109e-01 -2.7093181979e+00 1.7263562268e+00
1.5800000000e-01 1.6433722744e+03 -2.8334400197e+00 7.0203522127e+00 2.0208393312e+01 7.7904418737e+00 1.2308515133e+00 3.8222690596e+00 -3.2290260025e+00 -1.4968062960e+00
1.5900000000e-01 1.6451855125e+03 1.7512217551e+01 2.9567992967e+00 2.3691452877e+01 4.0491156595e+00 1.7880153941e+00 -1.7488416754e+00 -6.5942156113e+00 -1.5084223600e+01
1.6000000000e-01 1.6290286450e+03 4.2906276998e+00 -1.5852650744e+00 2.6423148051e+01 2.5070584824e+00 5.2019807855e-01 2.4252954632e+00 -4.7023394775e+00 -3.9557375239e+00
1.6100000000e-01 1.6218593491e+03 6.2088984057e+00 -5.9225119006e+00 2.6921396745e+01 8.5371888733e-01 -7.0080230927e+00 2.3818210916e-01 -1.7828284171e+00 -8.2975023478e+00
1.6200000000e-01 1.6177047103e+03 -6.3461259910e+00 -3.2210736596e+00 3.4182332304e+01 1.1162501045e+01 -7.0209179515e+00 -1.2807157453e+00 -5.5092040774e-01 -1.0296395065e+01
1.6300000000e-01 1.5991439569e+03 -4.4713223966e+00 1.6723948354e+00 3.3576303408e+01 6.6085285906e+00 -5.4168765921e+00 3.1240230779e+00 5.1138760096e-01 -4.3265756993e-01
1.6400000000e-01 1.5997627820e+03 -7.6784309258e+00 8.4182470962e+00 2.6089561343e+01 4.2553351475e+00 9.0367168409e-01 7.3408566314e+00 -6.6504104635e-01 3.9635476541e+00
1.6500000000e-01 1.6007755343e+03 -1.5895836595e+01 1.3535729167e+01 1.9902764185e+01 9.0448813131e+00 3.4827608548e+00 7.9660925974e+00 -2.4664776572e+00 1.3758763927e+01
1.6600000000e-01 1.5831303385e+03 -2.1758343699e+01 9.1313980472e+00 3.2259411127e+01 -1.6086468543e-01 8.0412472991e+00 3.4942818695e+00 -9.0504161864e+00 1.0638905723e+01
1.6700000000e-01 1.5682852755e+03 -2.1425746606e+01 7.6169089901e+00 3.8082709529e+01 -3.3501320637e+00 7.6023589704e+00 2.5395142784e+00 -1.7134303819e+01 1.3435010183e+01
1.6800000000e-01 1.5553311735e+03 -1.7163558583e+01 1.3435325434e+01 3.4896414246e+01 -9.5978302182e-02 4.9176606941e+00 3.9130356256e+00 -1.6001121441e+01 1.7219380710e+01
1.6900000000e-01 1.5420122353e+03 -1.0866108318e+01 1.5007737005e+01 3.3244607908e+01 1.9116840325e+00 2.4501390442e+00 2.2462719910e+00 -1.0113850723e+01 1.9692544741e+01
1.7000000000e-01 1.5275830732e+03 -8.2052767059e+00 1.3836608525e+01 3.8585726475e+01 2.1915432034e+00 -5.8437316499e-01 7.5341462856e-01 -4.1248814077e+00 2.0215362636e+01
1.7100000000e-01 1.5195744835e+03 -7.7294265078e+00 1.0412535255e+01 4.4180591846e+01 1.3193790985e+00 -9.6101050024e-01 -1.3598061101e+00 3.0292150441e-01 2.4418387482e+01
1.7200000000e-01 1.5081025549e+03 -5.1325983201e+00 8.5179837192e+00 4.2125001430e+01 3.8669968387e+00 -3.4439009626e-01 -1.9795810163e+00 -1.5304947624e-01 2.1256244623e+01
1.7300000000e-01 1.4986496544e+03 -2.2673666584e+00 1.2557907824e+01 4.5452902518e+01 3.6694708083e+00 -3.2462125251e+00 -2.9850841829e+00 -2.5239941103e-02 2.1443339946e+01
1.7400000000e-01 1.4893678796e+03 -3.7085934548e+00 1.2566687308e+01 4.8875203949e+01 2.1778992839e+00 -5.4413172918e+00 -5.3946777656e-02 3.1171756806e+00 1.8802704591e+01
1.7500000000e-01 1.4806327915e+03 -4.7341477181e+00 8.3632936357e+00 4.7641819232e+01 4.7004423329e-01 -6.1914563548e+00 3.4926847677e+00 3.0372652248e+00 1.8213682727e+01
1.7600000000e-01 1.4731429622e+03 -6.5710247391e+00 9.2039355960e+00 4.6113701904e+01 -1.2043013331e-01 -3.4332148426e+00 8.6430376047e+00 2.3084178924e+00 1.5043215804e+01
1.7700000000e-01 1.4690816022e+03 -8.8255640369e+00 1.1918000397e+01 4.6414882207e+01 4.5027623308e-01 -2.9469224967e+00 9.7177004747e+00 4.2041616160e+00 1.5461618768e+01
1.7800000000e-01 1.4595699724e+03 -8.0379097788e+00 1.0425745758e+01 4.8329498473e+01 1.4812278866e-01 -5.4178291537e+00 8.1984298213e+00 6.6516189921e+00 1.4687869327e+01
1.7900000000e-01 1.4516870065e+03 -4.7664754572e+00 1.0301011531e+01 4.5569521487e+01 4.8370634612e-01 -5.1930105986e+00 8.1025563495e+00 7.7382820557e+00 1.0417429272e+01
1.8000000000e-01 1.4515392360e+03 -4.3303277896e+00 1.4526839682e+01 4.7127523251e+01 1.8133845449e+00 -8.0994483484e+00 8.7352320908e+00 7.0318433674e+00 9.0586942526e+00
1.8100000000e-01 1.4452625500e+03 -9.6692507140e+00 1.4220919326e+01 4.5960079098e+01 -1.2197981988e+00 -9.4239920964e+00 7.0263388297e+00 1.0037831374e+01 8.5592096627e+00
1.8200000000e-01 1.4364718533e+03 -9.3458356764e+00 1.2794421211e+01 4.9084310395e+01 -1.9478330779e+00 -7.1479131472e+00 9.2806262591e+00 8.5029882582e+00 5.5532501386e+00
1.8300000000e-01 1.4352346418e+03 -5.5813364361e+00 1.7089692450e+01 4.7486551417e+01 1.1461475655e+00 -6.6863738108e+00 1.3272903469e+01 8.5668431399e+00 1.4969045951e+00
1.8400000000e-01 1.4286982678e+03 -7.1617302027e+00 1.4694293394e+01 4.8669341693e+01 9.4083225541e-01 -3.2739865601e+00 8.6957047461e+00 1.0496336977e+01 5.0451860976e-01
1.8500000000e-01 1.4182078738e+03 -7.5388858109e+00 1.2123590883e+01 5.0153093574e+01 3.9573272773e+00 -4.8502205228e+00 6.8809267423e+00 7.9466882607e+00 3.6395325605e-01
1.8600000000e-01 1.4188289091e+03 -1.0165958524e+01 1.3259590707e+01 5.6107899835e+01 2.1855058022e+00 -5.2719187416e+00 9.6048391294e+00 7.2685588374e+00 -2.7024876919e+00
1.8700000000e-01 1.4156548005e+03 -1.5041658627e+01 1.3078164061e+01 5.3357829992e+01 5.4314192169e+00 -4.4676475867e+00 9.8506112507e+00 7.5329411841e+00 2.2940058373e+00
1.8800000000e-01 1.4040121918e+03 -1.5211604464e+01 9.6964494756e+00 4.8087073690e+01 4.2484734324e+00 -2.2074068833e+00 1.7550247393e+01 8.6619842243e+00 2.1389259588e+00
1.8900000000e-01 1.3962280667e+03 -9.0787715248e+00 1.0771027482e+01 5.1889441612e+01 -6.4060300708e-01 -1.2667269279e+00 2.0806853803e+01 8.6848835881e+00 -1.8201956010e+00
1.9000000000e-01 1.3912784579e+03 -6.5744940213e+00 8.8096668184e+00 5.5624964333e+01 3.3161236697e+00 -4.8675492701e+00 1.7542425765e+01 1.2538723884e+01 -2.5293625514e+00
1.9100000000e-01 1.3879720358e+03 -5.2382029175e+00 1.2553867056e+01 5.5583513645e+01 -5.1521688755e-01 -5.1943745616e+00 1.8963234823e+01 1.0859160923e+01 -8.4923734959e+00
1.9200000000e-01 1.3822621582e+03 -7.8516341066e+00 1.3655319725e+01 6.0089781216e+01 -8.5638656261e-01 -3.0982751587e+00 1.5760417068e+01 8.0676028622e+00 -1.1428378975e+01
1.9300000000e-01 1.3715318932e+03 -5.6146331906e+00 1.1591071288e+01 5.7067083647e+01 3.4004619552e+00 -5.4950581232e+00 1.8839243442e+01 1.0263063973e+01 -1.2558421591e+01
1.9400000000e-01 1.3689658803e+03 -7.5214759508e+00 1.2353034180e+01 6.0685836931e+01 -1.2732305100e+00 -7.5337335307e+00 2.4570653995e+01 2.3614659970e+00 -1.3500529728e+01
1.9410413089e-01 1.3682280911e+03 -7.5634062898e+00 1.1868683390e+01 6.1205728306e+01 -1.3573384235e+00 -7.1297599795e+00 2.4435578419e+01 1.8564730616e+00 -1.3666330944e+01
1.9500000000e-01 1.3645767766e+03 -6.8546150366e+00 6.1390607019e+00 6.3132574107e+01 3.5183874206e+00 -8.1618480827e+00 2.4007198981e+01 2.4748525978e+00 -1.4592892079e+01
1.9600000000e-01 1.3523735385e+03 -2.7053353453e+00 7.4405674400e+00 6.4883336907e+01 3.9057336371e+00 -1.1325577494e+01 2.6309187894e+01 8.5670878607e+00 -1.4457868367e+01
1.9700000000e-01 1.3467113064e+03 -8.3333588302e+00 1.0432757982e+01 6.7534849082e+01 6.8809798109e-01 -1.0305084753e+01 2.0042794075e+01 4.6214086801e+00 -1.2987812472e+01
1.9800000000e-01 1.3466203218e+03 -9.9826802732e+00 1.0967111489e+01 6.3781239355e+01 -5.7506259842e+00 -8.1498108456e+00 1.5972659533e+01 5.9654584411e+00 -1.2291328997e+01
1.9900000000e-01 1.3403531467e+03 -6.4636750818e+00 1.1132409639e+01 6.2200289455e+01 -9.6812668314e+00 -8.0656930051e+00 1.5055780585e+01 7.2732593487e+00 -1.0552952869e+01
2.0000000000e-01 1.3273521529e+03 -5.8957829054e+00 1.5469824046e+01 6.9529876618e+01 -5.9113772386e+00 -5.2567385724e+00 1.3922767989e+01 2.6476509697e+00 -1.1276507226e+01
2.0100000000e-01 1.3294735953e+03 -4.1239413375e+00 1.0363087398e+01 6.7497175996e+01 -1.0092821769e+01 -6.0809435490e+00 1.4722444823e+01 2.1966543129e+00 -8.4843591096e+00
2.0200000000e-01 1.3343895364e+03 -2.4788221828e+00 9.8795501248e+00 7.1370162152e+01 -9.7971581717e+00 -7.8536233763e+00 1.4254356754e+01 4.1829602204e+00 -7.7269645933e+00
2.0300000000e-01 1.3308738819e+03 -6.7047382318e+00 1.1397271885e+01 6.6675111037e+01 -4.8814315597e+00 -7.9975949275e+00 1.2626096025e+01 -2.3057551018e+00 -9.6119083850e+00
2.0400000000e-01 1.3260841136e+03 -4.6358622631e+00 1.1348626669e+01 6.3501830322e+01 -7.4914533497e+00 -8.9129469506e+00 1.3219164881e+01 -6.0200394279e-01 -5.1746019983e-01
2.0500000000e-01 1.3244129174e+03 -8.4019624049e+00 1.4883939498e+01 7.1530920026e+01 -1.3683530667e+01 -1.0051917020e+01 1.6183129818e+01 7.3983631166e-01 -4.9017253860e+00
2.0600000000e-01 1.3202721280e+03 -1.1534811029e+01 1.5300591480e+01 7.6404457846e+01 -1.8859058339e+01 -1.4152528008e+01 1.0129842007e+01 -6.7297863759e+00 -4.6465161824e+00
2.0700000000e-01 1.3116337130e+03 -8.6065864123e+00 1.5421367033e+01 7.1329838088e+01 -1.3610096657e+01 -1.5901635966e+01 9.6899333241e+00 -4.2897430617e+00 7.8231505758e+00
2.0800000000e-01 1.3044702548e+03 -1.8113720933e+01 2.0995005046e+01 7.0331521142e+01 -1.1972286327e+01 -1.3491938083e+01 9.4882805338e+00 -1.2678917905e+01 1.5281802979e+00
2.0900000000e-01 1.3020919632e+03 -1.4657550023e+01 1.5203667226e+01 7.1280415550e+01 -3.8623929730e+00 -9.8479487604e+00 6.4286129999e+00 -9.9804456113e+00 -1.7927362421e-02
2.1000000000e-01 1.3106468722e+03 -1.2918162197e+01 1.4787513350e+01 7.1741682679e+01 -7.3805016538e-02 -9.9078160777e+00 1.1536513285e+01 -7.5832094843e+00 -1.5574927314e+00
2.1100000000e-01 1.3099508115e+03 -1.8577474044e+01 1.6620207421e+01 7.2781020445e+01 -7.5538250477e+00 -7.1017961891e+00 1.8069318755e+01 -8.1258948247e+00 6.1980499913e-01
2.1200000000e-01 1.2942910152e+03 -1.7049174625e+01 1.9965911885e+01 6.9771884262e+01 -7.6714213495e+00 -3.8096734890e+00 8.3131073446e+00 -1.7375115241e+00 3.6616054445e+00
2.1300000000e-01 1.2975959809e+03 -1.1517704531e+01 1.6390299619e+01 7.7366293759e+01 -9.2365474852e+00 -4.0068287271e+00 1.1316502509e+01 -5.5026795443e+00 8.2114489859e+00
2.1400000000e-01 1.3028133297e+03 -1.2088729878e+01 1.2293580708e+01 7.3406502842e+01 -1.0860420626e+01 -6.2426276098e+00 1.0182866285e+01 -1.9317140611e+00 1.1498689719e+01
2.1500000000e-01 1.2973787523e+03 -1.0739528818e+01 1.0467859469e+01 7.3473165011e+01 -1.1241077362e+01 -9.6895158412e+00 3.9796769364e+00 -6.3744349792e+00 1.3015560202e+01
2.1600000000e-01 1.2948069807e+03 -1.4298684535e+01 1.6650290934e+01 7.1760395822e+01 -5.6302641694e+00 -1.1790127725e+01 5.2921664923e+00 -1.0017975675e+00 1.5871867366e+01
2.1700000000e-01 1.2936698078e+03 -5.5767895103e+00 1.6643037377e+01 7.7029459032e+01 -1.1724565581e+01 -1.1200002295e+01 4.2842487036e+00 -2.4026404404e+00 2.0221431443e+01
2.1800000000e-01 1.2907165611e+03 -1.0413320342e+01 1.5567430898e+01 7.1234463176e+01 -1.2506201756e+01 -7.7673248419e+00 6.5896254325e+00 -3.3567875954e+00 1.5625059076e+01
2.1900000000e-01 1.2847611571e+03 -6.6680064258e+00 1.8309631551e+01 7.0201367712e+01 -1.8723102859e+01 -5.7102697489e+00 5.8647291806e+00 -2.5722902227e-01 1.6089983727e+01
2.2000000000e-01 1.2766222031e+03 -8.4240854443e+00 2.5641213963e+01 7.1178942635e+01 -1.8208081574e+01 -8.0883954271e+00 6.6111068961e+00 3.8615449201e+00 1.1062857996e+01
2.2100000000e-01 1.2682177449e+03 -1.9395414143e+01 2.3618051803e+01 7.2916358054e+01 -1.9120924785e+01 -8.3033998302e+00 6.4494261658e+00 7.1448554201e-01 4.9074274444e+00
2.2200000000e-01 1.2712436327e+03 -1.0056581704e+01 1.4426088164e+01 7.4636730538e+01 -1.5097547195e+01 -5.1390453490e+00 7.3008628566e+00 4.2718062661e+00 7.5437122765e+00
2.2300000000e-01 1.2711358979e+03 -1.3361273186e+01 1.8488543967e+01 7.2920106359e+01 -1.9467990047e+01 7.5229361221e-01 1.4398274038e+00 7.2464996088e+00 1.0754096302e+01
2.2400000000e-01 1.2641700545e+03 -7.1188296857e+00 2.0162614474e+01 7.6868002391e+01 -1.1716558243e+01 2.6781653095e+00 3.3060234601e+00 1.0110508740e+01 8.6859548314e+00
2.2500000000e-01 1.2673979582e+03 -1.1423839147e+01 2.1374426613e+01 7.5104195114e+01 -1.2804323990e+01 2.1839780837e-01 4.2546335890e+00 9.3186208533e+00 1.5565606143e+01
2.2600000000e-01 1.2708428772e+03 -1.4455659935e+01 2.2188843816e+01 8.4636022821e+01 -1.3575778069e+01 6.3492450526e-02 1.6887408458e+00 1.2458460892e+01 6.6780732397e+00
2.2700000000e-01 1.2554243304e+03 -1.5313855130e+01 1.8508054114e+01 7.6761781425e+01 -1.7754794318e+01 2.9919330159e+00 2.2899373308e+00 1.3534405959e+01 1.3747273666e+01
2.2800000000e-01 1.2640643944e+03 -1.7505758131e+01 3.1672018699e+01 7.5766535179e+01 -1.8331865375e+01 -2.5637560848e+00 1.4778168719e+01 2.2891886624e+01 1.0849402617e+01
2.2900000000e-01 1.2647299070e+03 -2.2486969202e+01 3.0164644896e+01 8.1814656988e+01 -2.6632638690e+01 -2.4929893085e+00 8.5936714176e+00 2.6004366515e+01 9.4439205173e+00
2.3000000000e-01 1.2498171240e+03 -1.2952654769e+01 2.3118290471e+01 7.7530549337e+01 -2.8569552926e+01 -3.5591597900e+00 4.8555634444e+00 3.0263731056e+01 2.4248059368e+00
2.3100000000e-01 1.2469777158e+03 -1.8608776215e+01 2.1293823255e+01 8.2831658929e+01 -2.9713468971e+01 -6.7564294311e+00 -3.7588366885e+00 2.7468321076e+01 8.7588411171e+00
2.3200000000e-01 1.2412283451e+03 -1.4063211793e+01 1.7833847469e+01 7.9281099981e+01 -2.7498752070e+01 -5.5349839577e+00 -1.1193909796e+01 1.8818496217e+01 4.5336448165e+00
2.3282333985e-01 1.2393789327e+03 -1.7306309433e+01 2.1033703280e+01 7.8868365703e+01 -2.4945431391e+01 -6.7512538961e+00 -7.9656967783e+00 1.8505178975e+01 8.6551222230e+00
2.3300000000e-01 1.2415207801e+03 -1.6217938348e+01 2.1715958847e+01 7.9647066002e+01 -2.5791171046e+01 -8.0944169032e+00 -9.7485201477e+00 1.7929050386e+01 9.5678027751e+00
2.3400000000e-01 1.2507195650e+03 -2.0637891317e+01 2.5877535707e+01 7.4102185910e+01 -2.6111705112e+01 -1.4130701370e+01 -8.8238499348e+00 1.6697758778e+01 1.1254153784e+01
2.3500000000e-01 1.2460660023e+03 -2.2601909390e+01 2.1363275859e+01 7.2478326603e+01 -2.5673792835e+01 -1.8742248897e+01 -3.8911474838e+00 1.5598392214e+01 7.9361187153e+00
2.3600000000e-01 1.2441299382e+03 -1.8455141135e+01 1.9120034549e+01 6.7004365560e+01 -2.6320830204e+01 -2.4058041823e+01 -8.3289616429e+00 1.6624318486e+01 5.3330547414e+00
2.3700000000e-01 1.2388377369e+03 -1.6593552213e+01 2.1368337602e+01 6.5512327491e+01 -2.0104650276e+01 -2.4724547034e+01 -6.0480196687e+00 1.7762681802e+01 4.8186457349e+00
2.3800000000e-01 1.2339258330e+03 -2.5873735654e+01 2.4154353293e+01 6.9175216418e+01 -2.2887679549e+01 -3.5643171310e+01 -4.3146255069e+00 2.1500694949e+01 4.1576027595e+00
2.3900000000e-01 1.2301950898e+03 -2.2674956906e+01 1.7038300026e+01 6.9455548267e+01 -2.2840277031e+01 -3.8485219711e+01 -5.5288936860e+00 1.9003177928e+01 1.2975125507e+00
2.4000000000e-01 1.2134753418e+03 -1.1043330535e+01 1.4113723033e+01 6.8658090821e+01 -2.2343042975e+01 -3.0367894751e+01 -5.0612088235e+00 1.9159921226e+01 8.0797247566e+00
2.4100000000e-01 1.2253702775e+03 -2.5369764221e+01 1.8074424176e+01 6.7360121009e+01 -1.9906317182e+01 -3.2360788489e+01 2.7037025635e+00 1.7975652077e+01 2.0339605843e+00
2.4200000000e-01 1.2368275636e+03 -1.9060508584e+01 1.9214093802e+01 6.2519269039e+01 -8.5607351864e+00 -3.4282346669e+01 3.1759496008e+00 1.0347657378e+01 1.7025090612e+00
2.4300000000e-01 1.2246036768e+03 -1.6601613128e+01 1.6546588369e+01 6.9533038542e+01 -9.6794260399e+00 -3.8255147444e+01 1.6409774434e+01 8.0322029194e+00 -4.9735945794e+00
2.4400000000e-01 1.2186485540e+03 -1.3409636454e+01 2.0063741063e+01 6.0351228172e+01 -1.5011631858e+01 -4.4864289220e+01 7.6692045012e+00 6.0026484305e+00 -3.4411947544e+00
2.4500000000e-01 1.2201273750e+03 -1.8911782656e+01 2.3182874667e+01 5.9598687846e+01 -2.1755839777e+01 -3.8096438737e+01 -1.1914623056e+00 6.5836687266e+00 1.1015595910e+00
2.4600000000e-01 1.2185072173e+03 -2.0233179124e+01 1.3261327595e+01 6.7751296605e+01 -2.0281928234e+01 -3.8527207922e+01 -1.3357255806e+00 5.8594421169e+00 4.3061356640e+00
2.4700000000e-01 1.2251317924e+03 -2.0854214678e+01 2.1295936396e+01 6.4711071546e+01 -2.1592812724e+01 -3.6846942233e+01 -4.3714827298e+00 7.9547391625e+00 6.1779465504e+00
2.4800000000e-01 1.2395264901e+03 -2.0094657127e+01 2.0033808254e+01 6.7281079648e+01 -2.0828354016e+01 -4.5923542346e+01 -1.6954938610e+00 6.2466600778e+00 3.1921416044e-01
2.4900000000e-01 1.2243958262e+03 -1.6028494231e+01 1.5053050055e+01 6.4702331885e+01 -2.5818759094e+01 -4.3739178068e+01 -6.7494282252e+00 9.4048824645e+00 8.4781436792e-01
2.5000000000e-01 1.2243008503e+03 -1.6451806953e+01 1.7423801252e+01 5.7683110689e+01 -2.2036627630e+01 -5.2684607367e+01 4.7295764294e+00 8.4529401572e+00 2.7701235878e+00
2.5100000000e-01 1.2158055610e+03 -1.0069798821e+01 6.4656816048e+00 6.2937637348e+01 -1.9233707550e+01 -4.9207368747e+01 5.9627988481e+00 9.2504113126e+00 1.6684886410e+00
2.5200000000e-01 1.2338321169e+03 -6.7355443789e+00 9.2197330571e+00 5.8966972227e+01 -2.5589096362e+01 -5.0563027529e+01 1.1993009537e+01 4.1220680117e+00 -7.9227056463e+00
2.5300000000e-01 1.2349692580e+03 -5.5874778041e+00 7.8727082394e+00 5.6704977128e+01 -2.6598133898e+01 -5.2722147106e+01 7.3707769872e+00 7.5047117019e+00 -1.2365819290e+01
2.5400000000e-01 1.2208660642e+03 -8.0449089532e+00 3.6080258106e+00 6.4502143816e+01 -2.2646581397e+01 -5.1579366564e+01 9.3785318844e+00 -1.3410322516e+00 -1.2334373489e+01
2.5500000000e-01 1.2309714007e+03 1.7431911669e+00 7.8008824192e+00 6.1018886962e+01 -3.1832516007e+01 -5.2796504534e+01 1.7960633678e+00 4.8920123715e+00 -8.4179584557e+00
2.5600000000e-01 1.2300144614e+03 1.5495239896e+00 1.0876101356e+01 6.5388035635e+01 -4.0029942432e+01 -4.7185179921e+01 -5.7745718225e+00 5.6414621006e+00 -8.9016778247e-01
2.5700000000e-01 1.2167870219e+03 -2.9336136523e+00 1.6502943899e+01 6.8910639602e+01 -3.2520120161e+01 -3.9901464701e+01 1.0787680115e+00 2.6496561262e-01 -3.8423667116e+00
2.5800000000e-01 1.2054031460e+03 4.2652640790e+00 1.1827249587e+01 6.2783530112e+01 -3.2135874248e+01 -3.5829578622e+01 5.1857233612e+00 -5.4626293136e+00 1.2520525130e-01
2.5900000000e-01 1.2133255975e+03 6.8466461049e+00 1.8012917249e+01 5.1934426345e+01 -2.8804032248e+01 -3.7639530284e+01 8.1095888767e+00 -1.1988960368e+01 -5.0229406140e+00
2.6000000000e-01 1.2100030580e+03 4.6296946855e+00 1.8916715381e+01 5.5758828277e+01 -2.7808394373e+01 -3.6790390711e+01 9.7014760295e+00 -1.4831824611e+01 -1.6596434891e+00
2.6100000000e-01 1.1984974282e+03 9.7859479508e-01 1.7855305532e+01 5.2622403602e+01 -2.5889999886e+01 -3.1644582410e+01 1.4629066663e+01 -1.3922215141e+01 -4.1008479871e+00
2.6200000000e-01 1.1912574841e+03 -4.4145804360e+00 1.5471109665e+01 5.0952152178e+01 -1.9354019423e+01 -3.8098316802e+01 1.4989804325e+01 -4.7225073215e+00 -7.2054214911e-01
2.6300000000e-01 1.1859928307e+03 -3.3944129512e+00 1.1311462867e+01 4.9872410722e+01 -1.6186050000e+01 -3.2589628779e+01 5.3279655975e+00 -3.9725104460e+00 8.8571419702e-02
2.6400000000e-01 1.1897776359e+03 -9.2465904286e+00 1.6216908432e+01 5.1317398193e+01 -1.4014601196e+01 -4.1882467420e+01 1.1401215328e+01 -5.0943467928e+00 -1.7307704034e+00
2.6500000000e-01 1.1816171529e+03 -9.4766067011e+00 1.7378015988e+01 4.8460219792e+01 -1.0659808789e+01 -3.6447597573e+01 1.7138828739e+01 -1.0696008951e+01 -3.4004140914e+00
2.6600000000e-01 1.1890539348e+03 -6.8809343224e+00 1.2785414890e+01 4.9389657157e+01 -1.5259049052e+01 -4.4226016717e+01 1.7941162095e+01 -3.0101084620e+00 -7.3256689255e+00
2.6700000000e-01 1.1796013383e+03 -1.5066938719e+01 6.0022538773e+00 5.9287005622e+01 -1.9700558094e+01 -2.9315809849e+01 1.4720970830e+01 -5.5095573747e+00 4.0103291524e+00
2.6800000000e-01 1.1669061616e+03 -1.5801650230e+01 1.0894679414e+01 6.8831641284e+01 -1.7216160591e+01 -3.2636784701e+01 1.7675533401e+01 -3.0456133101e+00 3.1598896839e+00
2.6900000000e-01 1.1620144517e+03 -1.4208504649e+01 7.4120515417e+00 6.2534746948e+01 -9.7333195573e+00 -3.0685846734e+01 1.8926489251e+01 -8.3827617125e+00 3.9179153716e+00
2.7000000000e-01 1.1604814674e+03 -1.4275464304e+01 4.1779534599e+00 6.9067119382e+01 -1.0224263650e+01 -2.8410287995e+01 2.1935754398e+01 -9.2713691111e+00 4.3654460662e-01
2.7091172744e-01 1.1509371690e+03 -1.5730003432e+01 2.8992521638e+00 6.2324008534e+01 -1.5839338129e+01 -2.6588477771e+01 2.3824956107e+01 -1.0361995065e+01 4.0914438605e+00
2.7100000000e-01 1.1494564760e+03 -1.5940447834e+01 2.8775026166e+00 6.1980420270e+01 -1.6133071941e+01 -2.6434205461e+01 2.3518265690e+01 -9.8305112556e+00 3.7861114484e+00
2.7200000000e-01 1.1452425460e+03 -1.4408886765e+01 2.7237314777e+00 6.9718064351e+01 -1.7622236333e+01 -2.1899282872e+01 1.8623821995e+01 -2.1512729135e+00 4.9009751623e-01
2.7300000000e-01 1.1487601141e+03 -1.8737350151e+01 9.1179618115e+00 6.8715911220e+01 -1.4024240104e+01 -2.6492910924e+01 2.2778803549e+01 -4.1387118820e+00 1.5976107577e+00
2.7400000000e-01 1.1574179462e+03 -1.0445317435e+01 8.7964746523e+00 6.8052582758e+01 -1.5354632480e+01 -2.7340659755e+01 2.3354309830e+01 -2.2406535270e+00 -3.0906647462e+00
2.7500000000e-01 1.1572866377e+03 -1.1754363794e+01 1.5204482063e+01 6.6181215627e+01 -2.2285859676e+01 -2.6197921589e+01 2.0360704476e+01 1.0590983538e+00 9.0069217536e-01
2.7600000000e-01 1.1570037007e+03 -1.0499521726e+01 9.9259526893e+00 6.3620538137e+01 -2.2870336313e+01 -2.1622677788e+01 1.9711710919e+01 5.2975155355e-01 -2.6493954223e-01
2.7700000000e-01 1.1589406869e+03 -8.1962149172e+00 9.8009026494e+00 6.5313480414e+01 -2.5929698579e+01 -1.3388794459e+01 2.1608720774e+01 -1.0031371672e+01 3.5971384505e-01
2.7800000000e-01 1.1497779451e+03 -1.2741716959e+01 9.2331537797e+00 5.9493866765e+01 -2.3711103145e+01 -2.9009544938e+00 1.9928736796e+01 -1.7034336708e+01 -2.6466319926e-02
2.7900000000e-01 1.1603457822e+03 -9.1852628813e+00 1.7026281700e+01 6.2435168863e+01 -3.1204698026e+01 -6.2296947959e+00 8.8954422694e+00 -1.5265873110e+01 9.8061771238e-01
2.8000000000e-01 1.1548291441e+03 -8.2327974399e+00 2.0958358588e+01 6.8077556261e+01 -2.6877494152e+01 -7.6057933986e+00 2.2418152922e+01 -6.8069196853e+00 -4.7399527012e+00
2.8100000000e-01 1.1593108196e+03 -1.8823257935e+01 1.7118190709e+01 6.0795216281e+01 -1.5754633137e+01 -1.5383473661e+00 1.6952424977e+01 1.1498845208e+01 6.9832229900e+00
2.8200000000e-01 1.1430536205e+03 -9.3886564454e+00 1.9865832855e+01 6.0767069668e+01 -1.3932111253e+01 1.8097368970e+00 1.8015109388e+01 1.1363693263e+01 4.7660843066e+00
2.8300000000e-01 1.1381499233e+03 -1.5223378453e+01 1.9726550343e+01 7.2999180268e+01 -8.8220154556e+00 1.5547734233e+00 9.9363138730e+00 1.7316004075e+01 1.0826422461e+01
2.8400000000e-01 1.1263178791e+03 -1.0199764182e+01 1.1962897646e+01 6.4268661614e+01 -2.3210504700e+01 -7.1261341499e+00 1.0375038239e+01 1.5335466118e+01 1.3343998226e+01
2.8500000000e-01 1.1284752377e+03 -1.1564958993e+01 1.6431701607e+01 6.6669989255e+01 -2.0213301873e+01 -1.4875739440e+01 2.0397002288e+01 1.3903124374e+01 3.2847060316e+00
2.8600000000e-01 1.1379336519e+03 -1.1129011120e+01 1.7962052686e+01 5.9148693991e+01 -1.7700539285e+01 -1.6609647519e+01 2.2080664421e+01 1.3440824548e+01 -5.4344239574e+00
2.8700000000e-01 1.1292815158e+03 -1.1081969732e+01 5.9095191161e+00 6.1829180280e+01 -6.8215368007e+00 -1.1552946460e+01 1.9654730966e+01 9.2396086629e+00 1.2221740817e+00
2.8800000000e-01 1.1397938770e+03 -9.4024899071e+00 1.6566817081e+01 5.7500683554e+01 -1.8917651436e-01 -1.3008963731e+01 1.1646594326e+01 3.0584163062e+00 3.2444753597e-01
2.8900000000e-01 1.1389709148e+03 -8.5023356601e+00 8.4305971927e+00 5.8375977027e+01 -4.5116465580e+00 -1.8797800193e+01 2.7997512187e+01 5.9020875226e+00 -3.1503340578e-01
2.9000000000e-01 1.1340091350e+03 -5.4062416851e+00 9.7620086534e+00 5.9139582866e+01 1.0632292517e+00 -7.0415217486e+00 2.9524836285e+01 3.7511407022e+00 -4.0541137972e+00
2.9100000000e-01 1.1380036902e+03 -8.0623316413e-01 1.2392292290e+01 5.8511696277e+01 -4.2579154478e+00 -8.9499901412e+00 2.7569682108e+01 7.6247237371e+00 -7.0436078185e+00
2.9200000000e-01 1.1257229698e+03 -1.2450150872e+01 1.3312455138e+01 6.5364836329e+01 1.4725125235e+00 -5.4777332595e+00 1.6484225959e+01 2.4638771257e+00 -1.4001896630e+01
2.9300000000e-01 1.1294931964e+03 -4.6277911058e+00 1.9566884521e+01 5.6818050278e+01 1.2284917241e+00 -1.1459747334e+01 1.5922630467e+01 5.5283675125e+00 -2.2824239284e+01
2.9400000000e-01 1.1169047826e+03 -9.1696897928e+00 1.7417443100e+01 6.1544410880e+01 8.3790493816e+00 -1.1956116735e+01 1.7209106865e+01 9.3520713942e+00 -1.7328609552e+01
2.9500000000e-01 1.1321643520e+03 -5.5772663784e+00 1.8657849169e+01 7.1723152978e+01 -2.7360116440e-01 -1.4038838015e+01 7.5365387384e+00 7.0609020721e+00 -1.1585751852e+01
2.9600000000e-01 1.1213618621e+03 -1.8388013063e+00 2.2950683285e+01 5.8638024265e+01 3.4103904116e+00 -2.0625050737e+01 9.8957888767e+00 1.3778408783e+00 -1.5078369488e+01
2.9700000000e-01 1.1272923297e+03 -2.7343052820e+00 1.9375378229e+01 6.0819430038e+01 1.1565504415e+00 -1.9302821147e+01 1.6773713426e+01 -9.8135007734e+00 -8.1858991839e+00
2.9800000000e-01 1.1235415707e+03 5.9551377360e+00 1.1188411759e+01 6.3794194510e+01 1.7813823851e+00 -2.1553388656e+01 1.9170576040e+01 -1.2730718787e+01 -1.8898837632e+01
2.9900000000e-01 1.1347950313e+03 7.0334564611e+00 2.1445140931e+01 5.9938198840e+01 -2.9240306681e+00 -1.9753277467e+01 1.6993004449e+01 -1.8494711779e+01 -1.4051182103e+01
3.0000000000e-01 1.1322978414e+03 2.2749482785e+00 1.2877395277e+01 6.3543871249e+01 -9.9411904666e+00 -1.2125198107e+01 1.1211389057e+01 -1.6909699646e+01 -1.7739516450e+01
3.0100000000e-01 1.1336922578e+03 5.5624627087e+00 9.7710514817e+00 6.1344580646e+01 -2.0784303046e+00 -1.0808298062e+01 6.1500945348e+00 -1.2881277776e+01 -2.2404796245e+01
3.0200000000e-01 1.1330476897e+03 4.3632516900e+00 9.6286330293e+00 5.7368557906e+01 -7.5563767244e+00 -1.4083559808e+00 1.0929176212e+01 -1.2620623195e+01 -2.2218528398e+01
3.0300000000e-01 1.1487683461e+03 6.3212642930e+00 1.8087294578e+01 5.8499040585e+01 -9.8064795457e+00 -2.7883811070e+00 9.8192652883e+00 -1.9017213703e+01 -2.7461817156e+01
3.0400000000e-01 1.1265735106e+03 1.5315762949e+00 1.1518353838e+01 6.4459622217e+01 -1.9456068952e+01 -1.6934268777e+00 7.1274953201e+00 -2.2671040615e+01 -3.2050243855e+01
3.0500000000e-01 1.1242662380e+03 5.7643591414e+00 2.3986155775e+01 5.0995651787e+01 -7.3445141198e+00 -6.4901113120e+00 -1.2460438324e+00 -1.8137270053e+01 -2.5636301868e+01
3.0600000000e-01 1.1322228175e+03 1.1421995625e+00 1.2021271792e+01 5.5821289114e+01 -8.5471440393e+00 -2.8708648185e+00 -6.3281439573e+00 -2.4805260424e+01 -2.6275850486e+01
3.0700000000e-01 1.1254804956e+03 3.3386480775e+00 1.7026555823e+01 5.5890329300e+01 -7.7083402171e+00 -3.0821721093e+00 2.3751468024e-01 -2.9236821903e+01 -2.5701470472e+01
3.0789752212e-01 1.1273807341e+03 -1.1614814027e+00 1.0454750441e+01 5.4815538441e+01 -6.9266185446e+00 6.1575295155e+00 9.4187966507e-01 -3.0892223905e+01 -3.0690379783e+01
3.0800000000e-01 1.1267353514e+03 -2.2917272846e+00 1.0031441671e+01 5.5673757085e+01 -7.3186833070e+00 6.5212171737e+00 1.9649264498e+00 -3.0436352311e+01 -2.9176506253e+01
3.0900000000e-01 1.1193879710e+03 -1.7781884435e+00 1.2273641355e+01 5.6363145197e+01 5.9615744517e-01 8.4660912734e+00 5.4140741301e+00 -2.6877358825e+01 -2.7768708999e+01
3.1000000000e-01 1.1103301198e+03 -6.6132113659e+00 6.5569822077e+00 6.6268354216e+01 5.7387944476e+00 -8.6841228066e-01 1.1338026330e+01 -3.3335456530e+01 -1.9483110215e+01
3.1100000000e-01 1.1107304735e+03 -7.3051324518e+00 1.2443351521e+00 6.0941562604e+01 1.2414697322e+01 -4.4572105313e+00 1.2398519801e+01 -2.5500870672e+01 -2.3957370535e+01
3.1200000000e-01 1.1179950499e+03 -1.0935749838e+01 6.5451765223e+00 6.3168763755e+01 1.3257877714e+01 4.9214976161e-01 1.0507591598e+01 -2.6822879886e+01 -1.8468115083e+01
3.1300000000e-01 1.1230708651e+03 -8.7854963172e+00 5.2064631514e+00 5.6230508766e+01 1.4785688395e+01 -7.0832169781e+00 -1.4893656876e+00 -2.9849889829e+01 -1.0829466119e+01
3.1400000000e-01 1.1390501945e+03 -8.0022074208e+00 8.9411768533e+00 4.4009745306e+01 8.1210335442e+00 -8.2006136891e+00 -1.5863038558e+00 -2.9081114909e+01 -2.1744659082e+00
3.1500000000e-01 1.1357271174e+03 -1.1140597105e+01 3.3105084048e+00 5.7800429361e+01 6.2076463165e+00 -1.2255267972e+01 -9.5918183758e+00 -2.4274634588e+01 9.4045032783e+00
3.1600000000e-01 1.1188478427e+03 -9.1252372204e+00 1.2808518938e+01 5.6264604836e+01 1.6019294531e+00 5.4460610909e-01 -8.6734354502e+00 -1.8972598297e+01 8.2422291405e+00
3.1700000000e-01 1.1114892680e+03 -1.5548986019e+01 1.4650767729e+01 4.2378714514e+01 -9.2496860170e+00 -4.2909861424e+00 -1.0137223297e+01 -5.7129238973e+00 1.1865034896e+01
3.1800000000e-01 1.1145310083e+03 -1.8234802861e+01 1.5969740090e+01 5.3442645470e+01 -9.9877112250e+00 -8.1487131255e+00 -1.5500698415e+01 -1.6086521547e+01 8.6507802446e+00
3.1900000000e-01 1.1355535272e+03 -1.0734771972e+01 2.0639872368e+01 5.0212652923e+01 -1.8918333676e-01 -1.8903312022e+00 -1.1575506677e+01 -1.8664709852e+01 6.0943749773e+00
3.2000000000e-01 1.1248863596e+03 -1.0320763819e+01 1.8868209303e+01 6.3958426357e+01 2.2778919967e+00 -8.3689117003e+00 -8.7239307725e+00 -2.8718304781e+01 1.1076338897e+01
3.2100000000e-01 1.1416485585e+03 -7.5891854091e+00 7.8210395563e+00 5.2470629603e+01 -1.5565326298e+00 -9.1426222710e-01 -1.1098871966e+01 -3.8274342534e+01 7.3565724377e+00
3.2200000000e-01 1.1448802394e+03 -3.8161600122e+00 1.0823272463e+01 5.8569358185e+01 -1.0766028168e+00 4.6932911659e+00 -1.4963852704e+01 -3.1751170869e+01 9.7945439234e+00
3.2300000000e-01 1.1312619950e+03 -1.2341043567e+00 2.6471642394e+01 7.1135196856e+01 -6.1426221112e+00 1.1298093104e+01 -9.7353462376e+00 -2.7003742064e+01 8.9354876597e+00
3.2400000000e-01 1.1284815316e+03 -7.9239289517e+00 2.5100677551e+01 6.4887860045e+01 -1.1440771333e+01 2.1770396208e+01 -1.0847204478e+00 -2.3492892233e+01 1.3191988192e+01
3.2500000000e-01 1.1139505525e+03 -7.1205631353e+00 7.8777116234e+00 5.5560304690e+01 -1.3694193838e+01 5.1840507245e+00 -3.7448960336e+00 -3.1150715417e+01 1.3388128434e+01
3.2600000000e-01 1.1320079000e+03 -1.8282096351e+00 1.7594316871e+01 6.9185806466e+01 -1.6342171664e+01 6.0949074992e+00 -1.2892083475e+01 -3.3685460156e+01 1.3028665375e+01
3.2700000000e-01 1.1300237723e+03 -4.3758548895e+00 2.4933804377e+01 5.9248673080e+01 -1.7946010309e+01 8.5367407949e+00 -1.2915261607e+01 -2.7325406366e+01 1.3701521332e+01
3.2800000000e-01 1.1275615789e+03 -4.6816618786e+00 2.4180905907e+01 6.0290532193e+01 -1.8436746562e+01 1.0594708601e+01 -1.0385941456e+01 -1.3152862025e+01 1.7623757632e+01
3.2900000000e-01 1.1313848726e+03 -4.9230958521e-01 2.7010511613e+01 4.9374049205e+01 -1.3302350320e+01 6.6874666208e+00 -1.7634180162e+01 -2.6009252322e+01 2.0898958288e+01
3.3000000000e-01 1.1401698911e+03 -9.1341918973e+00 2.3976948242e+01 5.9968491433e+01 -1.4607270264e+01 9.3205970709e+00 -1.8206954266e+01 -2.3106436202e+01 3.1215409707e+01
3.3100000000e-01 1.1383456843e+03 -1.9116332992e+01 1.9108151717e+01 4.9789383880e+01 -1.4183406168e+01 2.4919048346e+00 -8.9507475210e+00 -1.2734803770e+01 3.8743385742e+01
3.3200000000e-01 1.1346133609e+03 -1.1932617844e+01 1.1338906580e+01 6.1589103936e+01 -6.9289759348e+00 -7.3052412554e+00 2.1091713004e+00 8.7579105254e+00 4.8840020846e+01
3.3300000000e-01 1.1382696806e+03 -8.9300666622e+00 1.9130803509e+01 6.4738706846e+01 -2.0959637738e+01 -4.5369687994e+00 2.1424256983e+00 1.5532419791e-01 4.2708505587e+01
3.3400000000e-01 1.1199801075e+03 -1.8100867070e+01 2.1572579052e+01 5.7699669196e+01 -1.7913458965e+01 -1.1382470859e+01 -1.2411722423e+01 -2.9193825655e+00 4.1224015144e+01
3.3500000000e-01 1.1018966742e+03 -2.3206355669e+01 2.4539091934e+01 5.1243354635e+01 -2.2347186266e+01 -1.5415543371e+01 2.2557740347e+00 -3.7664698484e+00 3.5624124200e+01
3.3600000000e-01 1.1040479202e+03 -1.8999728150e+01 1.3149507180e+01 5.5770047970e+01 -6.2926180384e+00 -2.4647230769e+01 -6.3685391606e+00 -7.1361606775e-01 4.1000670112e+01
3.3700000000e-01 1.1063916730e+03 -2.3644156038e+01 1.8983305131e+01 4.9374236828e+01 -4.2750343920e+00 -3.2398649895e+01 2.3377016137e+00 -1.2078630242e+01 4.2710281667e+01
3.3800000000e-01 1.0952295019e+03 -2.2660264545e+01 1.2428997731e+01 6.1733417256e+01 -1.1344335318e+01 -3.0447639531e+01 2.4887739243e-01 -1.4195878900e+01 4.0447075379e+01
3.3900000000e-01 1.0968960467e+03 -1.9047846471e+01 8.6611491612e+00 6.3425542597e+01 -1.2599020333e+01 -2.6219118153e+01 -2.5106311158e+00 -6.5028075048e+00 4.1921302019e+01
3.4000000000e-01 1.1009983939e+03 -4.1055875259e+00 8.2723625714e+00 5.9535154898e+01 -5.0689453890e+00 -9.3361609493e+00 3.6666134685e+00 3.4361697537e+00 3.1628443685e+01
3.4100000000e-01 1.0967152545e+03 -4.6837761006e+00 1.5188861018e+01 5.1761278968e+01 -6.6414126738e-01 6.8894007731e+00 -6.4288491845e-01 -8.9939755172e+00 2.7256381485e+01
3.4200000000e-01 1.0814291694e+03 -6.7734341149e+00 7.3314877501e+00 5.2810979318e+01 4.7797196936e+00 -1.4279870099e-01 -2.5018393712e+00 -7.3992545866e+00 2.3307829549e+01
3.4300000000e-01 1.0755052756e+03 -4.1070456264e+00 1.3752236280e+01 4.2513533322e+01 1.2074043902e+00 -6.0307982580e-01 8.3489630831e-01 3.4991095529e-01 1.9977667988e+01
3.4400000000e-01 1.0905239981e+03 -4.8658603950e-01 7.1650016688e+00 4.7440527389e+01 -1.9665370933e+00 -2.8303607216e+00 1.0192497420e+01 1.3649270612e+00 1.9947204910e+01
3.4455276768e-01 1.0791606019e+03 -3.5900911921e+00 8.4859827627e+00 4.4424502418e+01 -5.3106585394e+00 -3.5605864402e+00 1.0879170780e+01 -5.2314766211e-01 2.4193551292e+01
3.4500000000e-01 1.0758307948e+03 -5.8607161674e+00 1.2840239135e+01 5.0281374082e+01 -7.9729152988e+00 -1.1782596731e+00 8.4821113754e+00 -7.6441620727e+00 1.6443069180e+01
3.4600000000e-01 1.0717628609e+03 -1.3440610705e+01 1.6718542364e+01 5.1792816625e+01 1.2821237728e+00 -5.9313729601e+00 1.4548416835e+01 -6.7436044396e+00 1.8117708529e+01
3.4700000000e-01 1.0810083677e+03 -7.1602007392e+00 8.0240019882e+00 5.1434501071e+01 -5.5580105483e+00 -1.2637781727e+01 1.2152055817e+01 2.8831479925e+00 1.0219001741e+01
3.4800000000e-01 1.0687378284e+03 -3.5383290747e+00 -3.2116748947e+00 5.6841448800e+01 1.7192080047e+00 -2.2633403798e+01 -5.4572816977e+00 -6.6014354677e+00 -7.5540741105e-02
3.4900000000e-01 1.0582577628e+03 -1.6104922384e+01 3.0647858718e+00 5.2275180617e+01 -7.7969981351e-01 -1.1330004298e+01 -8.6562656183e+00 -1.2782713455e+01 1.9508643531e+00
3.5000000000e-01 1.0577985945e+03 -4.3975112652e+00 4.7316516184e+00 4.1274629448e+01 6.5072964530e+00 -1.5517981966e+00 -1.2681548471e+01 -1.3616128911e+01 -6.9515259530e-01
3.5100000000e-01 1.0544184906e+03 6.4183496945e+00 8.9313434019e+00 4.3180171741e+01 5.0749408143e+00 1.9920889351e+00 -1.2392519698e+01 -2.2494322207e+01 7.8247234121e+00
3.5200000000e-01 1.0517227896e+03 2.9433992889e+00 -4.1413813530e+00 5.6433136196e+01 -5.1532461095e+00 -1.7412719560e+00 -2.1485783439e+01 -2.2238809562e+01 1.3821293768e+01
3.5300000000e-01 1.0577575934e+03 -3.7959294078e+00 -1.6617284184e+00 5.9641137174e+01 -1.4665088522e+01 -4.9392598215e+00 -2.5207145266e+01 -2.9221901503e+01 1.9466763794e+01
3.5400000000e-01 1.0625179923e+03 -1.1406261400e+01 -3.2515188292e+00 6.2457800898e+01 -1.1425471903e+01 -1.3047146794e+01 -2.5373195535e+01 -2.6487747535e+01 2.4202154624e+01
3.5500000000e-01 1.0614908232e+03 -1.3349828723e+01 -1.0587701999e+00 5.9565000472e+01 -1.7853482246e+01 -8.1929287122e+00 -2.9036622521e+01 -1.9242220100e+01 2.9693185680e+01
3.5600000000e-01 1.0552672904e+03 -3.7078853365e+00 -2.0235420844e+00 5.3485157701e+01 -1.9154643580e+01 1.6272654844e+00 -2.7741943195e+01 -1.3336689366e+01 2.2765698977e+01
3.5700000000e-01 1.0368862668e+03 -6.5710747382e+00 -1.0355919214e+00 4.6717110767e+01 -1.3292591222e+01 -5.2604799209e+00 -2.0172121995e+01 -6.4934004208e+00 9.5680697147e+00
3.5800000000e-01 1.0440830939e+03 -7.8589074357e+00 4.3520765020e+00 4.2444053857e+01 -1.0905231994e+01 -8.3307239654e+00 -2.0597253769e+01 -1.8934787690e+01 6.1133291021e+00
3.5900000000e-01 1.0376064736e+03 -5.2828448911e+00 1.5479838951e-01 4.5215417470e+01 -1.0466209017e+01 3.0126124847e-01 -1.0690216710e+01 -3.0867487637e+01 6.6231366213e+00
3.6000000000e-01 1.0449585467e+03 -5.7214727876e+00 8.3024605274e+00 4.3692503570e+01 -1.9534149997e+01 4.0069742686e+00 -8.4960043614e+00 -2.4217931280e+01 8.6476245784e+00
3.6100000000e-01 1.0331678742e+03 -1.0874315632e+01 7.6160887162e+00 5.1490582599e+01 -1.4952319178e+01 1.2437380889e+00 -3.0778560958e+00 -1.8782222351e+01 9.6671506904e+00
3.6200000000e-01 1.0375217995e+03 -1.0439449527e+01 1.6545932408e+01 4.2470588691e+01 -1.5804426352e+01 4.1526241931e+00 -8.2413870757e+00 -1.7280514491e+01 4.9984407745e+00
3.6300000000e-01 1.0422268611e+03 -2.8820377607e+00 7.0386282494e+00 4.2377295544e+01 -1.1984080995e+01 9.6595820659e+00 -3.1884558763e+00 -2.6970055195e+01 8.4774612831e+00
3.6400000000e-01 1.0211458276e+03 -1.0583397121e+01 7.7597999043e+00 4.0377316545e+01 -7.6186747410e+00 8.4528730237e+00 -1.4850892745e+00 -1.7873432566e+01 1.5156142631e+01
3.6500000000e-01 1.0199516408e+03 -1.1848359729e+01 1.3715232878e+01 3.5448502003e+01 -1.2841720275e+01 -8.8502806950e+00 -7.8698410088e+00 -1.3658805435e+01 8.1628893513e+00
3.6600000000e-01 1.0136681161e+03 -8.0804582437e+00 1.0109270121e+01 3.4774921800e+01 -1.0117736860e+01 -1.3424533018e+01 -8.6659775120e+00 -1.3226173833e+01 8.8179395660e+00
3.6700000000e-01 1.0089503305e+03 -5.2594068502e+00 1.7066806809e+01 3.9325861099e+01 2.8410146095e+00 -1.1365989236e+01 -6.9993900730e+00 -2.0631051706e+01 4.9735283586e+00
3.6800000000e-01 1.0230244908e+03 -2.3500250039e+00 1.4070587577e+01 4.0921413071e+01 1.4958383458e+00 -1.2900079541e+01 -9.5585016855e+00 -7.0202954283e+00 1.3470269434e+01
3.6900000000e-01 1.0196850005e+03 -3.3746639137e+00 2.1212716746e+01 4.7163597439e+01 -1.4370868534e+00 -5.4961462637e+00 -1.7785536634e+01 9.0110909955e+00 2.7350566288e+01
3.7000000000e-01 1.0146857405e+03 -7.9961085400e+00 1.9810365837e+01 4.5145674350e+01 6.6751904784e+00 -5.3839446100e+00 -1.2859099312e+01 8.7010506187e+00 2.5896137803e+01
3.7100000000e-01 1.0313522066e+03 -5.0501351587e+00 1.9185556295e+01 5.1737481619e+01 5.7034068922e+00 -9.6153057896e+00 -2.3715556526e+01 -2.3219528768e+00 3.1376055024e+01
3.7200000000e-01 1.0174576046e+03 -1.0985879923e+00 2.0055317655e+01 4.8179042458e+01 3.0690973176e+00 -3.5537477021e-01 -2.7203540765e+01 1.6280380512e+01 3.4063591428e+01
3.7300000000e-01 1.0311903298e+03 3.1426926991e+00 2.6668181299e+01 5.8423714004e+01 -3.5448734649e+00 1.7508194437e+00 -2.3129346452e+01 2.0423800753e+01 2.5782796800e+01
3.7400000000e-01 1.0287795384e+03 2.9950772424e+00 1.8666434632e+01 5.3514647977e+01 -7.8076249061e+00 3.1477812914e+00 -2.2866060935e+01 1.5408086535e+01 1.6222977289e+01
3.7500000000e-01 1.0328784209e+03 4.7906895735e+00 2.4070447143e+01 4.8548406295e+01 -1.2697917986e+01 7.3487345767e+00 -2.3106761041e+01 1.0698152726e+01 1.2969370246e+01
3.7600000000e-01 1.0461403480e+03 1.3245421918e+01 2.0382340678e+01 6.0055181513e+01 -8.6298916294e+00 2.0051301795e+01 -2.5074197956e+01 1.7289057125e+01 1.2301443095e+01
3.7700000000e-01 1.0367116391e+03 1.4565480523e+01 2.7314667598e+01 4.9792647552e+01 -6.6224889538e+00 1.1108395346e+01 -1.0051717864e+01 1.9604836926e+01 4.1797402175e-01
3.7800000000e-01 1.0311391784e+03 1.9197522643e+01 2.2635646325e+01 4.6930075462e+01 -1.2527120550e+01 8.6816514291e+00 -1.4036592802e+01 1.8854862633e+01 9.1946686322e+00
3.7900000000e-01 1.0215322507e+03 1.4863118020e+01 3.0944269873e+01 4.8006799001e+01 -6.3902278454e+00 1.4493370178e+01 -1.2495619127e+01 2.5664191817e+01 1.1170209442e+01
3.8000000000e-01 1.0093578228e+03 1.0799977002e+01 2.7642645164e+01 4.7175000848e+01 -4.6299261194e+00 9.8556385979e+00 -8.5732957949e+00 2.5876245479e+01 3.6001634089e+00
3.8058004426e-01 1.0077111795e+03 9.0176594204e+00 2.3494481168e+01 5.0707930068e+01 -1.2309858295e+00 -1.3551690487e+00 -9.2718243373e+00 2.2182900774e+01 -3.7954557514e+00
3.8100000000e-01 1.0046810765e+03 1.1378701613e+01 3.2938139557e+01 5.0135302501e+01 -1.7635453149e+00 -2.4324758449e+00 -1.1374933168e+01 2.5682135922e+01 -2.4575169544e+00
3.8200000000e-01 1.0093162092e+03 1.4492168603e+01 2.8713637270e+01 5.3864642046e+01 -1.3114633370e+01 -1.1595823828e+01 -2.3357033503e+01 2.6862519278e+01 3.0487761488e+00
3.8300000000e-01 9.8961007561e+02 -4.3915965579e+00 2.9894331240e+01 4.6863840272e+01 -1.8093585316e+01 -9.6843867014e+00 -1.4866875409e+01 2.4970261539e+01 -1.2005503857e-01
3.8400000000e-01 9.9631311457e+02 -2.8682338086e-01 2.3639989737e+01 4.1419585214e+01 -1.1399625088e+01 -2.1018596207e+01 -1.2000399445e+01 2.0127957277e+01 -1.8781099198e+01
3.8500000000e-01 9.8997143723e+02 -2.5568185475e+00 2.5886874089e+01 5.6072642016e+01 -3.0588810073e+00 -2.9431908506e+01 -7.5282011107e+00 2.1661165215e+01 -1.4180579001e+01
3.8600000000e-01 9.8805474986e+02 1.4414306024e+00 2.1777258900e+01 4.5637449404e+01 8.8990732284e+00 -3.3215716625e+01 -1.8314088967e+01 1.9823231096e+01 -1.5024030424e+01
3.8700000000e-01 9.9143495755e+02 3.8516091263e+00 2.1146365646e+01 4.9413033933e+01 1.2111939101e+01 -3.1586466236e+01 -1.9303418341e+01 6.5556572039e+00 -1.8807954852e+01
3.8800000000e-01 9.9513856338e+02 1.2998258715e+01 2.4249184784e+01 4.6758082629e+01 -8.8092293839e+00 -2.0004068665e+01 -1.6171148998e+01 6.5106944634e+00 -2.2330120209e+01
3.8900000000e-01 9.8747944497e+02 9.9285298913e+00 1.7355123691e+01 4.7259836646e+01 2.3961763474e+00 -2.8706309997e+01 -1.4371652117e+01 1.0286997751e+01 -2.8818463267e+01
3.9000000000e-01 9.7638260299e+02 -1.6163450733e+00 2.3385736516e+01 5.0267775697e+01 3.7673149475e+00 -2.1327710171e+01 -1.6394227700e+01 1.2873973430e+01 -1.8240216764e+01
3.9100000000e-01 9.6927393393e+02 -3.9740263321e+00 2.1054412451e+01 5.0141730793e+01 1.6069281600e+00 -2.4920612420e+00 -2.2903386831e+01 2.8685144528e+01 -9.3059140316e+00
3.9200000000e-01 9.7760337705e+02 2.2504446811e+00 2.2470750781e+01 5.0165179099e+01 3.3804057799e+00 -3.9252999021e+00 -3.0758858255e+01 2.8566517316e+01 -4.6424417179e+00
3.9300000000e-01 9.6665096276e+02 -5.1297975391e+00 1.3401455088e+01 4.5392461352e+01 1.3695542328e+01 -1.0614583169e+01 -3.0519327479e+01 3.2106742334e+01 -8.0605913772e+00
3.9400000000e-01 9.6819216215e+02 -3.6414636027e+00 7.9249225790e+00 4.5502651453e+01 9.6616728606e+00 -7.0307135218e+00 -3.3732293458e+01 2.1372379481e+01 -1.0573126565e+01
3.9500000000e-01 9.6007844644e+02 -5.7628247556e+00 4.8896088385e+00 4.7670121797e+01 1.1839010497e+01 6.3646238710e+00 -2.7675711442e+01 1.3311758583e+01 -4.7160151611e-01
3.9600000000e-01 9.6236268318e+02 2.1916197480e+00 7.9974563335e+00 5.2853092977e+01 9.7374793909e+00 8.3069306156e+00 -2.5605475970e+01 2.1298425081e+01 -8.3555033772e+00
3.9700000000e-01 9.5641178107e+02 6.3427510332e-01 6.7791146690e+00 5.2319705125e+01 1.0222547362e+01 1.2027652797e+00 -2.7535538137e+01 2.0186364496e+01 -1.7138764484e+01
3.9800000000e-01 9.4567571463e+02 2.7316756125e+00 5.6129098228e+00 4.4251555994e+01 1.9144254000e+01 5.7811801427e+00 -3.4080076260e+01 1.1726691709e+01 -1.4780499697e+01
3.9827330236e-01 9.4445404437e+02 1.3597947687e+00 7.8857024358e+00 4.6032269452e+01 1.4368458375e+01 8.2897138771e+00 -3.1895055636e+01 1.1048043377e+01 -1.5870597790e+01
