#1:time pb [s], 2:l0m0 3. l1m-1 4. l1m0 5. l1m1 6. l2m-2 7. l2m-1 8. l2m0 9. l2m1 10. l2m2
1.0000000000e-02 6.8982750239e+03 -9.0741247889e-06 1.0472181202e-05 -8.9123867793e-04 2.5351891021e-06 -1.1980651329e-06 5.3479883299e-01 4.3971402356e-07 2.4398206074e-04
1.1000000000e-02 5.2300472460e+03 -1.0449071109e-05 9.6073036275e-05 -5.6897265325e-04 6.6464312028e-06 -1.0342164235e-06 4.0548640838e-01 -3.7894988750e-06 1.6148461531e-04
1.2000000000e-02 4.7746241565e+03 -4.3050342930e-06 3.0574391599e-04 -3.7558199813e-04 3.1956598007e-05 -5.2767274817e-06 3.7017871039e-01 -3.7355916691e-05 -2.8195068739e-04
1.3000000000e-02 4.4070030707e+03 1.1169721484e-05 6.1719010228e-04 -1.8342781918e-07 5.9079310292e-05 5.5017040894e-06 3.4170933452e-01 8.4030247775e-07 5.4422911568e-04
1.4000000000e-02 4.1495201998e+03 -1.6733947905e-04 6.6294257056e-03 -2.3136013160e-03 4.4792377432e-04 8.2745475521e-05 3.2263412419e-01 -9.0805638313e-06 1.9320156227e-02
1.5000000000e-02 3.7560220429e+03 1.5049042530e-05 1.0893705805e-02 -3.1659027922e-03 8.7027824167e-04 4.1869258889e-05 2.9103858476e-01 2.3612598492e-04 8.4017407026e-04
1.6000000000e-02 3.5997294236e+03 -2.5950680154e-04 1.0450343771e-02 9.3323648039e-03 7.0659760710e-04 6.1091384780e-04 2.6479025376e-01 -1.1402799598e-04 2.4072472888e-02
1.7000000000e-02 3.2671058367e+03 -3.4620686905e-04 4.5479770123e-03 -2.9591782918e-03 6.4465649501e-04 5.4427744462e-05 2.5124705736e-01 4.1131475417e-04 5.9956665904e-04
1.8000000000e-02 3.1613941793e+03 -9.2682116834e-05 1.2228572864e-02 -2.4611467349e-03 9.7174631362e-04 -7.4216452066e-06 2.4269937699e-01 3.8786246689e-05 4.9516140635e-02
1.9000000000e-02 2.9336678934e+03 -1.8887243630e-05 1.3310622088e-02 1.8327600878e-03 1.2070823691e-03 -4.5319920267e-05 2.2719364348e-01 -3.1461900301e-04 -4.8992784598e-03
1.9463690432e-02 2.8458768493e+03 -2.9571979364e-05 7.8861836236e-03 7.7127346691e-03 8.9199294420e-04 5.3822966396e-05 2.2466447950e-01 -1.0491441466e-03 -8.2838209502e-03
2.0000000000e-02 2.7693318723e+03 -1.9949545077e-05 7.4567900355e-03 8.0459253046e-03 7.3585772810e-04 1.3819215122e-04 2.1119646964e-01 -9.7402206866e-04 -1.8863044872e-02
2.1000000000e-02 2.7335862943e+03 2.4966427165e-04 1.5317090518e-02 4.6330757044e-02 1.0781595491e-03 -7.0417337793e-04 3.3652424012e-01 -1.1720957618e-02 -1.6013836045e-02
2.2000000000e-02 2.5607202282e+03 1.5678522744e-05 5.4073710326e-03 6.9823499469e-03 7.6097347050e-04 1.8130156175e-05 2.0488780573e-01 -1.2527293021e-03 1.1006328604e-03
2.3000000000e-02 2.4902310641e+03 -2.1162921321e-04 4.8327491080e-03 2.4585425845e-02 9.1110472422e-04 1.3553712354e-04 1.9835282329e-01 -2.5701165501e-03 1.8291221771e-02
2.4000000000e-02 2.3945882146e+03 -3.9781613454e-05 5.8994704328e-03 1.5129246676e-02 4.9117561652e-04 -2.6130526279e-04 1.3922652628e-01 -1.7074332617e-03 8.4556060183e-03
2.5000000000e-02 2.2763117431e+03 6.8515991759e-05 1.5563886669e-03 3.2061457841e-03 3.2364164935e-04 -4.9073084019e-05 1.7233231666e-01 -8.3585357673e-04 3.7235118449e-03
2.6000000000e-02 2.2233911458e+03 3.9136900330e-04 7.5251122007e-03 4.5622062556e-02 1.1485037292e-03 5.2585379893e-04 3.3624847521e-01 -3.6927537391e-03 7.9106636195e-02
2.7000000000e-02 2.2073664720e+03 -5.2653884078e-05 3.5343511070e-03 9.6497064950e-03 5.1914435725e-04 -1.4670006870e-05 1.7256055684e-01 -1.6025842779e-03 2.8721061499e-03
2.8000000000e-02 2.2035444884e+03 -1.0419684578e-05 2.9805199063e-03 7.0632815587e-03 4.4987329504e-04 -6.2275029809e-05 1.7282688925e-01 -1.3328020717e-03 3.3284236586e-03
2.9000000000e-02 2.2011623832e+03 3.7518123325e-05 9.3817653237e-05 3.3087708449e-03 2.5475384152e-04 -7.5898707170e-05 1.7356493353e-01 -8.1820911077e-04 -2.6924958870e-03
3.0000000000e-02 2.1760744762e+03 4.1827702279e-04 2.1857852870e-03 -3.6317928661e-02 4.7683280467e-04 -6.8127909484e-05 2.5525863991e-02 3.4122091236e-03 -3.6086080023e-02
3.1000000000e-02 2.1491018849e+03 1.2838195448e-04 -7.5182574203e-03 8.1110623945e-03 3.0433520095e-04 -7.5133751019e-04 6.2098845758e-02 -3.8773834562e-03 -4.9820937130e-01
3.2000000000e-02 2.1243545348e+03 1.6767158604e-03 1.1679731175e-03 -2.8158555471e-02 6.9157706984e-04 -2.2539061234e-04 6.9798072380e-02 3.7381698726e-03 -1.0418745597e-01
3.3000000000e-02 2.0839416865e+03 4.2673757315e-03 8.0925620694e-05 -7.6660360450e-03 1.3639623816e-03 -6.9136599035e-04 1.9364603050e-01 1.9904320141e-03 4.8161387668e-03
3.4000000000e-02 2.0531219486e+03 8.5935100329e-03 3.0021005495e-04 -6.4906718041e-05 2.1171470814e-03 -8.9494616678e-04 1.3321495808e-01 3.8920576277e-03 -3.2199587192e-02
3.5000000000e-02 2.0520021403e+03 2.9187477276e-02 9.6988598898e-04 8.8961925894e-02 8.1298073572e-03 -3.2895089409e-03 8.1460146319e-02 1.9273810025e-04 -4.2562212308e-02
3.6000000000e-02 2.0387267891e+03 8.7762812465e-02 -1.4680606822e-02 2.9551139733e-01 2.7052823309e-02 -1.2493304454e-02 1.8611115142e-01 -6.0932688227e-03 1.5212137737e-01
3.7000000000e-02 2.0399369855e+03 2.2048961869e-01 -3.5086714099e-02 8.1049262289e-01 6.5344552125e-02 -3.0871949525e-02 2.2843638295e-01 -1.5931858962e-02 4.7196864851e-01
3.8000000000e-02 2.0574273202e+03 3.1179419388e-01 -1.6512584802e-02 1.2116260486e+00 -1.8359690318e-02 -1.2666204347e-02 1.7446592708e-01 1.5188501887e-02 1.0520849143e-01
3.9000000000e-02 2.0711028062e+03 5.1542814575e+00 -1.2934830280e+00 2.3657229422e+01 3.5350931290e+00 -1.1091873686e+00 2.7746221275e+00 -7.2221024650e-01 1.6592667907e+01
4.0000000000e-02 2.0912430026e+03 -7.2499662628e+00 1.1048915676e+00 -2.6772168558e+01 -2.1984811802e+00 1.4697693482e+00 -7.6171812371e+00 -3.2685242311e-01 -1.6372491763e+01
4.1000000000e-02 2.0349991497e+03 -1.5383659297e+00 2.1853319306e-02 -5.1476039392e+00 5.9926741726e-01 -6.2238210284e-02 -7.0567060565e-01 -8.9543725078e-02 -1.5706185802e+00
4.2000000000e-02 2.0106629573e+03 5.3821785189e-02 -2.7962798050e-01 6.4213111259e-01 1.1726159186e+00 -6.9076796562e-01 6.7253395640e-01 -1.6262966789e-01 8.5235485838e+00
4.3000000000e-02 2.0103192724e+03 8.1542742735e-01 -1.4250459998e-01 3.0660785472e+00 2.1462844091e-01 -1.5225365280e-02 1.1424349275e+00 -3.7521540985e-01 8.5375140488e+00
4.4000000000e-02 2.0135799913e+03 3.6432216623e+00 6.1478072613e-02 9.0478650878e+00 2.8790157200e-02 -3.5914229524e-01 4.9859949619e+00 -2.2687659213e-01 1.6487313710e+01
4.5000000000e-02 2.0179612803e+03 1.7834139168e+00 4.0252343465e-01 1.3346806357e+01 2.3241277692e-01 9.5067321762e-01 2.7350602163e+00 -3.2452173316e-02 6.3564719240e+00
4.6000000000e-02 2.0194448031e+03 1.5709087561e+00 1.8639211367e-01 9.9759146968e+00 -5.1521831033e-01 1.4579856075e+00 2.4111333792e+00 2.0715918852e-01 -5.0417028049e+00
4.7000000000e-02 2.0308909483e+03 -8.0808654809e-01 -4.0130200152e-01 3.0098964559e+00 -1.3338844991e+00 1.4503929535e+00 -5.2384747265e-01 5.0850919476e-01 -2.0060783804e+01
4.8000000000e-02 2.0270142944e+03 -1.8617764683e+00 1.0581630332e-02 -7.1723968540e-01 -1.4348004150e+00 5.5212487963e-01 -2.3273392809e+00 5.8431825811e-01 -2.3771485268e+01
4.9000000000e-02 2.0281476941e+03 -2.0503795807e+00 -3.4093156180e-01 -5.3317372129e+00 -5.2452587943e-01 -5.0306086335e-01 -4.7186799481e+00 4.5036946853e-01 -1.9597251277e+01
5.0000000000e-02 2.0283310538e+03 -4.7419880859e-01 -2.6220410355e+00 -9.4605734762e+00 -5.8545475354e-01 -2.0729036997e+00 -5.5519070542e+00 1.4466091984e-01 -6.3141512183e+00
5.1000000000e-02 2.0257135832e+03 -5.8940838882e-01 -6.1886952678e-01 -9.4105055544e+00 1.4039598594e+00 -3.2431272265e+00 -2.4791488326e+00 8.1423501328e-02 9.5520614341e+00
5.2000000000e-02 2.0209038180e+03 4.1185058005e-01 2.3622837617e+00 -1.0128236419e+01 1.4646091767e+00 -1.1511084482e+00 6.4042627192e-01 -5.1849688943e-01 2.5395084672e+01
5.3000000000e-02 2.0154265616e+03 4.2697590612e-01 -4.3997395377e-01 -9.1155424266e+00 1.7378611252e+00 -5.8851737227e-01 4.3038720402e+00 -3.9676830864e-01 2.9692830200e+01
5.4000000000e-02 2.0019501560e+03 1.2281843923e+00 -1.5867630842e+00 -4.3681734463e+00 1.1815316209e+00 8.5087946711e-01 5.0074937841e+00 -6.1412445162e-01 2.6061725183e+01
5.5000000000e-02 1.9983888100e+03 1.7836048993e+00 1.4358388785e+00 -2.1770545184e+00 5.3338192037e-02 1.1664363340e+00 5.6219270585e+00 -3.1270156468e-01 1.7453597081e+01
5.6000000000e-02 1.9942805062e+03 2.4587597416e+00 2.2510857150e+00 6.2052859208e+00 -4.2387426277e-01 7.0265653809e-01 6.8342686451e+00 9.5503268576e-01 1.5880513331e+00
5.7000000000e-02 1.9939957302e+03 1.7687829479e+00 4.6226549465e-01 4.6669472926e+00 1.1386105398e-01 2.1773310250e+00 4.8873605813e+00 4.6076369741e-01 -1.3965571622e+01
5.8000000000e-02 1.9934651507e+03 1.4043480475e+00 5.9847581691e-02 6.9001279661e+00 -9.2380696750e-01 5.9811081732e-01 3.9151086247e-01 5.5892545632e-01 -2.3995337894e+01
5.9000000000e-02 1.9964277476e+03 3.7510557902e-01 -9.3728879459e-01 7.2881664368e+00 -6.8578194315e-01 3.6590851242e-01 -1.7151299803e+00 4.5118352047e-01 -2.4364060139e+01
5.9111073516e-02 1.9965118943e+03 1.2639521268e-01 -1.0616643071e+00 6.8971787461e+00 -6.3931548633e-01 2.6956544064e-01 -2.3895046942e+00 3.6622755057e-01 -2.3993973188e+01
6.0000000000e-02 1.9975577884e+03 8.2489585286e-02 -6.3263681094e-01 7.4435076017e+00 -7.6207613265e-01 -5.3772164877e-01 -4.5269209968e+00 3.2400091867e-01 -2.0877905679e+01
6.1000000000e-02 1.9980688088e+03 3.3961002524e-01 1.1933840789e+00 4.7156469595e+00 -7.8683073393e-01 -1.7922186937e+00 -5.4676373123e+00 3.3635736602e-02 -1.3926267335e+01
6.2000000000e-02 1.9987708913e+03 -2.9126573439e-01 9.1926450326e-01 3.2696680859e+00 7.2398521956e-01 6.6256490442e-01 -3.3497316017e+00 -3.4359713568e-02 -5.0334097590e+00
6.3000000000e-02 1.9968122441e+03 -2.0193859675e-01 -1.0935463473e+00 -7.3666286001e-01 5.8494054738e-01 -1.6997613179e-02 -1.3494308132e+00 9.4140388355e-03 4.4067283333e+00
6.4000000000e-02 1.9965945926e+03 -5.4892458707e-01 -1.3468561360e+00 -2.1858711486e+00 5.7223862544e-01 -6.1809834627e-01 3.6018970680e-01 1.3815749835e-02 9.8463092260e+00
6.5000000000e-02 1.9940422735e+03 2.7162716440e-01 6.5303000856e-01 -4.6428655435e+00 7.6266756853e-01 -9.6080526959e-01 3.2727349840e+00 -5.8834613702e-01 1.2549470244e+01
6.6000000000e-02 1.9903236724e+03 8.7199804796e-01 1.2376345433e+00 -6.3942274479e+00 5.0134788575e-01 2.5580507861e-01 5.5980401567e+00 -6.4953138212e-01 1.2855032998e+01
6.7000000000e-02 1.9881859168e+03 1.2312305122e+00 1.4900523277e-01 -7.8498603171e+00 -7.2191105593e-03 4.6828313948e-01 6.1488936627e+00 -8.0183250590e-01 1.0127340722e+01
6.8000000000e-02 1.9890854989e+03 2.0419974803e+00 4.0112040856e-01 -5.7700154564e+00 -4.6408683110e-02 -4.9068574665e-01 8.9275446836e+00 -2.4205905546e-01 7.7307954051e+00
6.9000000000e-02 1.9892100680e+03 2.0771601585e+00 2.7993362244e+00 -5.6326267638e+00 2.6021416988e-01 5.6994724501e-01 8.8402439139e+00 -2.1150314315e-01 1.0888187284e+00
7.0000000000e-02 1.9911487826e+03 1.8470346299e+00 1.4117112265e+00 -4.2143681266e+00 2.3604167069e-01 7.8384045708e-01 7.7768079588e+00 5.1362126615e-01 -5.1496321857e+00
7.1000000000e-02 1.9958084830e+03 2.4667005306e+00 8.4773865167e-01 -2.8434607196e+00 1.1602273722e-01 -2.1812715557e-01 6.1229395956e+00 -6.5211556890e-02 -1.0186210421e+01
7.2000000000e-02 2.0018781332e+03 2.3034590975e+00 1.2227154383e+00 -1.3350194960e+00 5.1726139671e-01 -2.1493003443e-01 2.2954010249e+00 -1.7711417855e-02 -1.4459938319e+01
7.3000000000e-02 2.0098189936e+03 2.0716594617e+00 1.3901790827e+00 1.1573475737e+00 4.9098804297e-01 -3.5142906225e-01 4.4354244813e-02 -2.0769556883e-01 -1.6807248017e+01
7.4000000000e-02 2.0153382381e+03 1.9606462224e+00 1.7240507960e+00 3.4269872890e+00 -1.3477496087e-01 -2.6120457770e-01 -1.8395797803e+00 -1.0209830576e-01 -1.7138652026e+01
7.5000000000e-02 2.0216659732e+03 1.3149022299e+00 6.9690450392e-01 2.5151603936e+00 8.0209749287e-01 -2.7846142835e-01 -3.0777008691e+00 -1.8995487145e-01 -1.2704852551e+01
7.6000000000e-02 2.0251546558e+03 1.3975940384e+00 -6.0741425095e-01 4.2269624004e+00 -6.9891548661e-02 6.0318465001e-01 -2.1307389210e+00 -2.2556370768e-01 -8.4786700708e+00
7.7000000000e-02 2.0319855620e+03 7.6725853364e-01 -4.5771882017e-01 3.3452564526e+00 3.9721059792e-01 2.4260922438e-01 -1.2825194493e+00 -9.1099430813e-01 -2.7398468454e+00
7.8000000000e-02 2.0345344297e+03 1.1257649405e+00 1.7641222613e+00 2.1814919489e+00 -7.6130296813e-02 -3.0586862037e-01 -3.4908876994e-01 -1.0774008453e+00 9.6705214668e-01
7.9000000000e-02 2.0363700759e+03 9.9424750247e-01 2.3875839572e+00 1.6704454209e+00 3.6731068795e-01 2.3021603667e-01 3.1153208044e+00 -7.4680113362e-01 4.3224114739e+00
8.0000000000e-02 2.0381925499e+03 9.7967807321e-01 1.7885079752e+00 -4.0382841956e-01 -4.0923253855e-01 -1.2001406857e-01 5.1821897238e+00 -5.5062906425e-02 3.4114444402e+00
8.1000000000e-02 2.0406871727e+03 1.2381121242e+00 1.0644732397e+00 -2.1845950087e+00 2.4805975290e-01 -2.9104896202e-01 5.9533126463e+00 1.1406783596e+00 5.1718690783e+00
8.2000000000e-02 2.0437601662e+03 2.1562218214e+00 2.3407122391e+00 -2.1571531309e+00 5.3358148284e-01 1.4683785891e-01 6.4145766012e+00 9.7062826723e-01 4.5796038940e+00
8.3000000000e-02 2.0463072364e+03 3.6911533568e+00 4.3233290340e+00 -2.7221914736e+00 4.9847485062e-01 9.7810113154e-02 8.4800264243e+00 1.0108930269e+00 1.7605774311e+00
8.4000000000e-02 2.0510296123e+03 2.8016831734e+00 3.8851786043e+00 -3.0815679984e+00 1.2868688719e+00 -4.7912437525e-01 9.3346294663e+00 5.2325221158e-02 6.6858496997e-01
8.5000000000e-02 2.0541409304e+03 3.7498839238e+00 2.5866019781e+00 -2.7671591885e+00 1.6298106381e+00 -5.1807579419e-01 8.3806007376e+00 -7.9826000410e-01 -3.6354022189e+00
8.6000000000e-02 2.0586790175e+03 4.2431679339e+00 1.1776886900e+00 -1.7230805255e+00 2.9203444819e+00 -4.3137298936e-01 6.9078495282e+00 -1.2016694406e+00 -7.6170176917e+00
8.7000000000e-02 2.0609421409e+03 3.2931620056e+00 1.9082825952e+00 3.4320851971e-01 3.4449393845e+00 -7.4323155470e-01 4.3494537353e+00 -1.4436727947e+00 -1.0278126622e+01
8.8000000000e-02 2.0630062192e+03 2.4066942508e+00 2.0627748522e+00 1.5721400821e+00 3.5603174366e+00 -2.5486225523e-01 3.4930977585e+00 -1.0660666525e+00 -1.0839427255e+01
8.9000000000e-02 2.0627407848e+03 2.5382597653e+00 1.4908941601e+00 1.7025790491e+00 2.3132678312e+00 -3.4025483258e-01 4.4179317286e+00 -1.3365965648e+00 -1.4268906935e+01
9.0000000000e-02 2.0622734148e+03 2.1728376419e+00 2.1374794732e+00 2.8283004015e+00 1.5186982228e+00 6.9056443838e-01 4.2351865888e+00 -7.6579773221e-01 -1.5195100535e+01
9.1000000000e-02 2.0614498569e+03 7.1888714337e-01 4.1083692025e+00 3.4750886773e+00 6.9574556987e-01 1.5395719068e+00 4.7311146836e+00 2.6966680938e-01 -1.4154235877e+01
9.2000000000e-02 2.0609656303e+03 6.5698206663e-01 5.4402485431e+00 3.6815414470e+00 5.5565918538e-01 1.8404323192e+00 7.7840327286e+00 7.6844040158e-02 -1.5237173105e+01
9.3000000000e-02 2.0589389824e+03 1.1861888343e+00 6.2520923482e+00 3.6779926921e+00 5.1704470903e-01 2.0370534943e+00 1.1856196299e+01 -5.2974773785e-02 -1.5458930916e+01
9.4000000000e-02 2.0567170987e+03 1.0067562154e+00 6.2151442390e+00 4.6976452807e+00 1.0922634940e+00 2.6401414555e+00 1.3841004966e+01 4.1851787726e-01 -1.4632888321e+01
9.5000000000e-02 2.0562318990e+03 1.2078383066e+00 7.8531414489e+00 4.6340808787e+00 2.2475029888e+00 2.5700611310e+00 1.5705205226e+01 -8.4497356928e-02 -1.4242267345e+01
9.6000000000e-02 2.0554459059e+03 2.5941458226e+00 9.1679786566e+00 5.6365206126e+00 3.1795076546e+00 3.0246846858e+00 1.6086959020e+01 -1.1578776127e+00 -1.4771376857e+01
9.7000000000e-02 2.0527279077e+03 2.8769907023e+00 9.6769909797e+00 7.3638026742e+00 5.2430314155e+00 4.3181458191e+00 1.7675768840e+01 -1.8267323593e+00 -1.5729720654e+01
9.8000000000e-02 2.0487283243e+03 2.9413962357e+00 9.7628981914e+00 9.0317705699e+00 6.9868145182e+00 4.8217461543e+00 1.8573710536e+01 -2.7641927858e+00 -1.6813530229e+01
9.8607216300e-02 2.0465326638e+03 2.8224874388e+00 9.4079159859e+00 9.6503440397e+00 7.8443476670e+00 5.0257554862e+00 1.9216965492e+01 -3.2677354830e+00 -1.7307458641e+01
9.9000000000e-02 2.0452422763e+03 3.3808233504e+00 9.2216983143e+00 1.0382882720e+01 8.2547413486e+00 4.9846432274e+00 1.9573253870e+01 -3.5641058480e+00 -1.7480689089e+01
1.0000000000e-01 2.0411632566e+03 4.1033492089e+00 1.0222697481e+01 1.2590065198e+01 8.4707014276e+00 4.4394651267e+00 2.0510235581e+01 -3.8991112822e+00 -1.7932616229e+01
1.0100000000e-01 2.0383715569e+03 4.6686959523e+00 1.1110466847e+01 1.3701804289e+01 7.6287945805e+00 3.0753980588e+00 2.1172898939e+01 -4.3753033245e+00 -1.7770661763e+01
1.0200000000e-01 2.0363308037e+03 5.6672671863e+00 1.1663048253e+01 1.4310467070e+01 6.1125321636e+00 1.5494546449e+00 2.0955142368e+01 -4.8502308898e+00 -1.6931394058e+01
1.0300000000e-01 2.0346212760e+03 6.7952147822e+00 1.2574974319e+01 1.5006773009e+01 5.6725496502e+00 5.5114098742e-01 1.8822941924e+01 -4.2649078508e+00 -1.3840408710e+01
1.0400000000e-01 2.0330192634e+03 6.6129641639e+00 1.3232145482e+01 1.6021906884e+01 5.4567887565e+00 -6.8887968297e-01 1.6886716070e+01 -3.3554305143e+00 -1.0460604698e+01
1.0500000000e-01 2.0303865630e+03 5.6414823400e+00 1.3980873558e+01 1.6050756052e+01 5.4878412012e+00 -2.5197083852e+00 1.6288439475e+01 -1.5975233865e+00 -8.6813048030e+00
1.0600000000e-01 2.0273197945e+03 5.0608330710e+00 1.4175632331e+01 1.5793399188e+01 4.5648539812e+00 -3.3721893747e+00 1.5565810895e+01 -9.7552222716e-01 -7.6404123229e+00
1.0700000000e-01 2.0242602583e+03 4.4683708486e+00 1.4187057407e+01 1.4246479156e+01 3.3446857564e+00 -3.7114394020e+00 1.2484854200e+01 1.8466087714e-01 -6.7620166248e+00
1.0800000000e-01 2.0212828526e+03 5.2045954211e+00 1.5638941875e+01 1.2249668998e+01 3.0874842352e+00 -3.2965367719e+00 8.8586749780e+00 5.3570324559e-01 -7.1152600009e+00
1.0900000000e-01 2.0194786768e+03 5.9224178338e+00 1.6836461721e+01 9.4981237189e+00 3.5000759069e+00 -2.3063107568e+00 5.9256314738e+00 1.2254737196e+00 -5.7872471544e+00
1.1000000000e-01 2.0189752549e+03 8.3916314071e+00 1.6639217622e+01 6.1045198895e+00 5.1836125641e+00 -4.5588730660e-01 4.2968734206e+00 2.0543099825e+00 -3.0013026714e+00
1.1100000000e-01 2.0202736941e+03 1.0314585400e+01 1.4858349332e+01 3.2723003229e+00 6.6145524189e+00 1.4383727063e+00 2.9042400455e+00 2.3508704840e+00 -1.1181328755e+00
1.1200000000e-01 2.0224309014e+03 1.2053241476e+01 1.3087696098e+01 -3.6446409675e-03 6.9765579487e+00 2.3409219712e+00 1.1045461694e+00 2.6292240391e+00 1.4699596261e+00
1.1300000000e-01 2.0254303679e+03 1.2973496065e+01 1.0371321380e+01 -3.0477689356e+00 6.6255096460e+00 3.5741478009e+00 -2.6962760301e+00 3.9086538612e+00 3.5526583785e+00
1.1400000000e-01 2.0282870187e+03 1.3459630505e+01 9.9447897784e+00 -4.9966866198e+00 5.0564621193e+00 5.5434866974e+00 -5.7402262750e+00 4.9936285064e+00 6.5047784549e+00
1.1500000000e-01 2.0301666761e+03 1.2765075943e+01 1.1545420442e+01 -6.9096396463e+00 4.0687065536e+00 6.7422631458e+00 -8.2002316567e+00 6.6925747064e+00 8.9855197724e+00
1.1543465669e-01 2.0309828190e+03 1.1983540983e+01 1.2486841615e+01 -7.4736307995e+00 3.3200078240e+00 6.8550906579e+00 -9.1661986035e+00 7.5726635313e+00 8.9075419866e+00
1.1600000000e-01 2.0304771479e+03 1.1011258574e+01 1.3326889460e+01 -8.4179612693e+00 2.0965718006e+00 6.8291222925e+00 -1.0587500467e+01 8.7368724651e+00 8.6670681813e+00
1.1700000000e-01 2.0275850744e+03 1.0403659016e+01 1.2915760055e+01 -1.0699742944e+01 -1.1696436859e+00 6.3479000257e+00 -1.1925187601e+01 9.5251202791e+00 9.0231660489e+00
1.1800000000e-01 2.0240806558e+03 1.0916690591e+01 1.1813650309e+01 -1.2930372334e+01 -3.5558906766e+00 5.6692856984e+00 -1.2238554147e+01 8.9228334501e+00 1.0949628719e+01
1.1900000000e-01 2.0218337949e+03 1.1168929046e+01 1.0167685763e+01 -1.5139047742e+01 -5.1362366562e+00 5.5061996289e+00 -1.1364057415e+01 8.1997661102e+00 1.0969761695e+01
1.2000000000e-01 2.0182517329e+03 9.4640836343e+00 9.3877704737e+00 -1.6467482038e+01 -5.4063373807e+00 4.7915714912e+00 -9.4817457987e+00 7.6078991503e+00 9.2976779018e+00
1.2100000000e-01 2.0161467829e+03 6.5842259782e+00 8.8753205451e+00 -1.7779859985e+01 -5.3125801359e+00 4.6691542479e+00 -8.9643616991e+00 7.7677896925e+00 8.0707275453e+00
1.2200000000e-01 2.0137660551e+03 4.1346633008e+00 6.2252194311e+00 -1.8886586472e+01 -6.5982783507e+00 1.5283863235e+00 -8.8586188627e+00 8.3887560793e+00 5.6878888907e+00
1.2300000000e-01 2.0105147546e+03 3.5682875150e+00 4.3372786521e+00 -1.8217139156e+01 -5.1755364814e+00 -1.7969438706e+00 -7.9015605539e+00 7.4248264825e+00 4.2523035864e+00
1.2400000000e-01 2.0079441166e+03 3.7103772828e+00 4.7202309887e+00 -1.8024857377e+01 -1.7772835725e+00 -4.1646753276e-01 -4.9711678022e+00 5.9479311244e+00 -6.5607346198e-01
1.2500000000e-01 2.0053895582e+03 3.2109740015e+00 5.2065543386e+00 -1.7976641367e+01 9.4626197167e-02 3.2309031686e-01 -2.2144704343e+00 4.8877282586e+00 -4.4233719415e+00
1.2600000000e-01 2.0003741849e+03 2.2518839915e+00 3.7787451162e+00 -1.7914707463e+01 3.1474845655e+00 8.2247649686e-02 -2.5605668787e+00 2.5929930438e+00 -5.5621222946e+00
1.2700000000e-01 1.9955664685e+03 8.4602415700e-01 1.9106753878e+00 -1.9088215860e+01 5.3597804340e+00 -1.7137351714e+00 -3.7860796831e+00 3.1177857114e+00 -1.0056667811e+01
1.2800000000e-01 1.9905566143e+03 8.7311552226e-01 -1.5390351664e+00 -1.8367056975e+01 5.8354580695e+00 -2.9111145121e+00 -3.4901944599e+00 3.8060381476e+00 -9.5561288174e+00
1.2900000000e-01 1.9871215947e+03 2.2909702249e+00 -1.9220888136e+00 -1.6509477004e+01 6.1234941831e+00 -1.9458008518e+00 -3.5315173474e+00 2.7909936250e+00 -7.1985221195e+00
1.3000000000e-01 1.9854579340e+03 3.3321127102e+00 2.0598399122e+00 -1.5258737948e+01 5.9643556710e+00 9.1506461497e-01 -3.7924767576e+00 2.5229432599e+00 -6.0343015442e+00
1.3100000000e-01 1.9827491148e+03 4.4541435682e+00 1.7678672499e+00 -1.4596637058e+01 5.8367506592e+00 2.6064155918e+00 -6.3139318282e+00 3.6635176568e+00 -5.3326819528e+00
1.3200000000e-01 1.9806397784e+03 3.7269365289e+00 1.0208445618e+00 -1.4097807108e+01 3.9236020240e+00 3.6207354966e+00 -6.5467840077e+00 6.0016275800e+00 -5.1678705508e+00
1.3300000000e-01 1.9795283669e+03 1.0163311417e+00 4.4321424198e-01 -1.3026212910e+01 -1.1663400453e+00 4.4210524166e+00 -6.5053685223e+00 5.9950268961e+00 -2.2877145718e+00
1.3400000000e-01 1.9772349551e+03 2.7246842422e+00 -2.8800953518e-01 -1.0441100546e+01 -1.5538074784e+00 2.2482341501e+00 -9.1465733447e+00 3.5973334364e+00 4.7707073598e-01
1.3500000000e-01 1.9763214047e+03 6.9995432556e+00 -9.3942574653e-02 -9.3262781960e+00 2.0463082348e+00 -1.1623914707e+00 -1.1989434576e+01 6.5322612228e+00 3.9182164444e-01
1.3600000000e-01 1.9725534936e+03 7.9504680720e+00 3.3306118210e-02 -9.9261099913e+00 2.4096289874e+00 -2.7592660026e-01 -1.2421120383e+01 7.0289879537e+00 -5.9023590600e-01
1.3700000000e-01 1.9603462822e+03 8.8942090611e+00 -7.3127546940e-01 -7.7440906912e+00 -8.9558140376e-01 3.8016721636e+00 -1.1831529238e+01 4.5885447278e+00 6.4606458908e-01
1.3800000000e-01 1.9499732605e+03 7.4862839764e+00 1.0992060260e+00 -5.8453478460e+00 -5.1343578867e+00 2.2349088437e+00 -1.0804269239e+01 6.6404352993e+00 1.7398050273e+00
1.3900000000e-01 1.9432054106e+03 6.8627165127e+00 2.9710584559e+00 -6.3677101985e+00 -4.6229812927e+00 -2.6054241607e+00 -6.9411553181e+00 6.4792908924e+00 1.6191001989e+00
1.4000000000e-01 1.9333574200e+03 7.6749101315e+00 5.3812663671e+00 -7.9670329473e+00 -2.4762667487e+00 -2.5710785271e+00 -2.6722997958e+00 3.6148600527e+00 1.1641593413e+00
1.4100000000e-01 1.9269670261e+03 7.5582835383e+00 6.2633303497e+00 -1.0715544800e+01 -3.3984010062e+00 1.5629616741e+00 -4.0454130109e+00 1.3240504222e+00 1.2742218611e+00
1.4200000000e-01 1.9173568314e+03 7.6933696825e+00 5.0227125721e+00 -1.0576817643e+01 -1.3536558856e+00 2.1815774381e+00 -2.7953565861e+00 -5.6012822239e-01 4.4422521654e+00
1.4300000000e-01 1.9017163906e+03 8.5724103919e+00 3.4026751887e+00 -1.3489986980e+01 1.1157319088e-01 -8.4806081100e-01 4.2313606287e-01 1.4842540645e+00 7.9904162790e+00
1.4400000000e-01 1.8875220560e+03 1.0470540455e+01 4.2037951597e+00 -1.5098685085e+01 4.3273691192e+00 -1.7663290698e-01 -7.6568700840e-02 3.3484762712e-01 8.9841787689e+00
1.4500000000e-01 1.8751022148e+03 1.1832219225e+01 6.6256354267e+00 -1.4299784780e+01 7.1213998805e+00 3.3797896846e+00 -5.8988961272e-01 -1.1604759453e+00 8.0667024630e+00
1.4600000000e-01 1.8634922197e+03 1.0341403766e+01 6.7650193768e+00 -1.2889152199e+01 4.8345794310e+00 5.1530366769e+00 1.7858624312e+00 -4.0449342173e-01 3.6396265524e+00
1.4700000000e-01 1.8552898959e+03 1.0612115730e+01 7.9513953221e+00 -1.4282046488e+01 8.4062223264e+00 2.5979918946e+00 4.7498740773e+00 -3.1933082810e-01 1.5599175075e+00
1.4800000000e-01 1.8440179235e+03 1.0157343084e+01 1.2516792981e+01 -1.6700701072e+01 1.1870730234e+01 1.9809623851e+00 2.5811215499e+00 5.4852353580e-01 4.3411339216e+00
1.4900000000e-01 1.8356071385e+03 8.5545399264e+00 1.4443435436e+01 -1.9964800243e+01 1.1683487842e+01 1.8747106244e+00 -4.5080349380e-01 -1.0906631428e+00 3.6471503015e+00
1.5000000000e-01 1.8243975124e+03 6.0307917697e+00 1.4567256849e+01 -2.2861704433e+01 1.0555735484e+01 2.4401808336e+00 -1.7198296625e+00 6.4728803759e-01 7.5568532191e-01
1.5100000000e-01 1.8099915609e+03 4.0709633571e+00 9.5052902844e+00 -2.2730243683e+01 1.0919895788e+01 -5.0140198926e-01 -2.8766740484e+00 8.9734207439e-01 7.2173087564e-01
1.5200000000e-01 1.7957027374e+03 2.9718235463e+00 7.9193610050e+00 -2.2701524931e+01 1.2123062243e+01 -2.3839704972e+00 -5.9734747697e+00 -6.8673749731e-01 3.0483892621e+00
1.5300000000e-01 1.7797139342e+03 1.0967498678e+00 8.3050676387e+00 -2.3899453534e+01 1.2382540823e+01 5.5136653024e-02 -6.0398781351e+00 1.1472323198e-01 1.7994602737e+00
1.5400000000e-01 1.7660409692e+03 1.2615333490e+00 9.5089258171e+00 -2.6810525185e+01 1.3646045108e+01 1.3745241128e+00 -3.3168133345e+00 -1.2699531918e+00 -1.4119647240e+00
1.5460596014e-01 1.7592009952e+03 9.8445526708e-01 9.6256664759e+00 -2.8034045494e+01 1.4366638323e+01 -1.1212927068e+00 -2.2721665651e+00 -2.7798662165e+00 -3.0292668963e+00
1.5500000000e-01 1.7542996182e+03 1.1802232902e+00 9.5992705409e+00 -2.8569073127e+01 1.4409979666e+01 -2.6189823003e+00 -1.9472947251e+00 -3.5520147139e+00 -2.4587807911e+00
1.5600000000e-01 1.7365401099e+03 3.9193366460e-01 9.6015364503e+00 -2.7513747795e+01 1.2310743300e+01 -2.9218795325e-01 -1.2763712831e+00 -4.3415885790e+00 -1.6188664522e-01
1.5700000000e-01 1.7196668196e+03 2.5829948436e-01 1.0282503162e+01 -2.5135342118e+01 1.0658541076e+01 1.0608392357e+00 -5.3454336351e-01 -3.7490122572e+00 2.4167115445e+00
1.5800000000e-01 1.7076978096e+03 4.2474183513e-01 9.9314008619e+00 -2.6531707917e+01 1.0419217280e+01 1.1344405934e+00 2.4856709119e+00 -3.4530292156e+00 8.8707508707e-02
1.5900000000e-01 1.7074735013e+03 2.0678227394e+01 5.0372222967e+00 -2.6561188327e+01 6.5565499947e+00 7.0189752274e-01 -3.7551676576e+00 -7.9998790619e+00 -1.4771432218e+01
1.6000000000e-01 1.6907427639e+03 8.7270526475e+00 1.0544586977e+00 -2.4851934887e+01 4.6398342317e+00 5.8095568688e-01 5.9076880126e-01 -5.9885984519e+00 -1.9618206791e+00
1.6100000000e-01 1.6830993122e+03 8.7201340232e+00 -5.6754945526e+00 -2.6180429459e+01 1.4180388886e+00 -6.3858286502e+00 -1.5068262821e+00 -2.9942391402e+00 -5.2746583864e+00
1.6200000000e-01 1.6794308499e+03 -4.3653631277e+00 -4.4892744174e+00 -1.9391903494e+01 1.2806268156e+01 -6.1814611363e+00 -3.2957692406e+00 -1.0662280315e+00 -9.0061904793e+00
1.6300000000e-01 1.6624971498e+03 -2.6607051737e+00 4.2148452496e-02 -2.0404489348e+01 7.0162560437e+00 -3.9900644018e+00 2.2900361178e+00 -9.0447464845e-01 1.5913317476e+00
1.6400000000e-01 1.6608902664e+03 -5.2472337411e+00 7.0270001762e+00 -2.9026820807e+01 3.4070927397e+00 2.6852498381e+00 6.1301320619e+00 -2.1008747673e+00 6.2522789895e+00
1.6500000000e-01 1.6614056904e+03 -1.2908217577e+01 1.0878449678e+01 -3.5441397055e+01 9.1022475722e+00 4.8635825651e+00 5.4282174653e+00 -3.4415952252e+00 1.6012078632e+01
1.6600000000e-01 1.6462647836e+03 -1.8648609431e+01 6.2410375673e+00 -2.0853871057e+01 -7.7436197445e-01 9.5537229651e+00 6.6881407820e-01 -9.7731046775e+00 1.4215198646e+01
1.6700000000e-01 1.6311749361e+03 -1.7475189279e+01 4.5352379874e+00 -1.4173600257e+01 -3.5786224241e+00 8.7501858719e+00 -5.2452451415e-01 -1.7261151340e+01 1.7006182122e+01
1.6800000000e-01 1.6165428446e+03 -1.2534931083e+01 1.0124185579e+01 -1.7602830454e+01 -8.2834117442e-03 5.5198502724e+00 5.2296195948e-01 -1.7101533005e+01 2.1038005005e+01
1.6900000000e-01 1.6043326032e+03 -7.0104276221e+00 1.2204167394e+01 -2.0181136289e+01 1.8813425420e+00 3.6858991226e+00 -1.5629129325e+00 -9.9929959709e+00 2.5061588725e+01
1.7000000000e-01 1.5919200350e+03 -5.5890894002e+00 9.4733188554e+00 -1.6386822137e+01 1.5756223110e+00 4.2604602065e-01 -3.1524531990e+00 -4.2169540346e+00 2.5772062462e+01
1.7100000000e-01 1.5844628223e+03 -5.3630804356e+00 6.0199684308e+00 -1.2746170584e+01 7.7547582898e-01 -3.6730994498e-01 -4.1483148764e+00 5.7187450932e-01 2.8870009450e+01
1.7200000000e-01 1.5760221789e+03 -4.6535618080e+00 4.1316372949e+00 -1.7371493014e+01 3.2388171699e+00 -3.2585645429e-01 -3.9647990815e+00 -7.4782008092e-01 2.5199513759e+01
1.7300000000e-01 1.5667173611e+03 -5.3671715164e-01 8.5919265034e+00 -1.7249363156e+01 3.6449856465e+00 -3.2987299527e+00 -4.4524635717e+00 -9.7300709632e-01 2.5561202989e+01
1.7400000000e-01 1.5593167335e+03 -8.5369925599e-01 8.8354841624e+00 -1.6170953419e+01 2.7907464748e+00 -5.1793422033e+00 -1.6006361836e+00 2.9521105856e+00 2.3327089958e+01
1.7500000000e-01 1.5534285798e+03 -1.1069538268e+00 5.8158062453e+00 -1.9538802538e+01 5.8649966315e-01 -4.9979433263e+00 1.7036868598e+00 3.0123700644e+00 2.2523619910e+01
1.7600000000e-01 1.5479593032e+03 -8.5147851413e-01 5.2736968363e+00 -2.3501011571e+01 -6.0989137120e-01 -1.9999206630e+00 5.5692016304e+00 2.7228645345e+00 1.8774218453e+01
1.7700000000e-01 1.5459260375e+03 -2.6214604201e+00 7.8930188022e+00 -2.4670630413e+01 1.3399846670e-02 -2.6124235091e+00 6.5312705947e+00 5.3221809792e+00 1.8395658629e+01
1.7800000000e-01 1.5393357234e+03 -1.1122392275e+00 5.8273219415e+00 -2.3794628678e+01 -9.0191868427e-01 -5.6056260570e+00 5.0390688491e+00 8.7834264892e+00 1.8391032198e+01
1.7900000000e-01 1.5357243941e+03 3.1298104343e+00 5.6469949470e+00 -2.7848854492e+01 2.4395153242e-01 -6.1183042244e+00 4.6983599366e+00 9.4079793391e+00 1.5520860318e+01
1.8000000000e-01 1.5344665324e+03 2.2030521576e+00 7.8870823319e+00 -2.7659397189e+01 2.2049008431e+00 -8.3502526388e+00 5.8304292151e+00 9.0486989503e+00 1.4974349645e+01
1.8100000000e-01 1.5318036801e+03 -2.8630916150e+00 8.0769786023e+00 -3.0211392428e+01 -4.6278783239e-01 -9.4429963320e+00 4.5301791770e+00 1.0601360803e+01 1.5598027257e+01
1.8200000000e-01 1.5269795857e+03 -5.5119163810e+00 6.4947828801e+00 -2.9886025239e+01 -1.6567087969e+00 -6.6787353943e+00 7.4385090824e+00 1.0503319278e+01 1.1228084008e+01
1.8300000000e-01 1.5247684453e+03 -2.3057489161e+00 8.7992812411e+00 -3.2212784780e+01 1.3455558422e+00 -5.3216083589e+00 1.1093505589e+01 9.9165943903e+00 7.9174224647e+00
1.8400000000e-01 1.5210118448e+03 -1.5855009671e+00 8.4655438981e+00 -3.4060189577e+01 2.0072077977e+00 -3.8132600022e+00 5.6798906829e+00 1.4129958328e+01 7.2457503698e+00
1.8500000000e-01 1.5140935819e+03 -2.6365565053e+00 5.5315104848e+00 -3.2593874945e+01 2.9329108233e+00 -6.5454337899e+00 3.8009481537e+00 1.0572651219e+01 6.0711768894e+00
1.8600000000e-01 1.5145721664e+03 -2.8443627524e+00 6.8350934839e+00 -2.7816736672e+01 4.5394933461e-01 -7.7381363861e+00 6.4137217250e+00 7.5438284479e+00 1.3578230567e+00
1.8700000000e-01 1.5145715719e+03 -7.2041985313e+00 7.4993522819e+00 -3.1667555768e+01 3.0877594953e+00 -6.8210004701e+00 6.3365856449e+00 7.4664091378e+00 5.7950823408e+00
1.8800000000e-01 1.5065305276e+03 -5.9740999862e+00 3.7087884402e+00 -3.9273038556e+01 1.8093760402e+00 -3.0774495770e+00 1.2277630387e+01 8.2822835791e+00 5.7931957360e+00
1.8900000000e-01 1.5015973207e+03 2.5098688872e+00 3.3849661260e+00 -3.9880069171e+01 -2.6511882648e+00 -4.2004787932e+00 1.5586850159e+01 9.2429228502e+00 2.0939334022e+00
1.9000000000e-01 1.4982271280e+03 7.0370684705e+00 2.0507694552e+00 -3.5559844563e+01 1.8607105839e+00 -5.3178088702e+00 1.2843048182e+01 1.3433329918e+01 1.5344547720e+00
1.9100000000e-01 1.4984471598e+03 1.0154291034e+01 3.9215301354e+00 -3.7079540611e+01 3.6629293222e-01 -6.5731948513e+00 1.5238101200e+01 1.3135832344e+01 -1.9877028919e+00
1.9200000000e-01 1.4948296840e+03 9.2145957849e+00 4.9085441105e+00 -3.6256299260e+01 -2.4846592933e+00 -8.4493353791e-01 1.2989335590e+01 9.5235888085e+00 -4.9861611284e+00
1.9300000000e-01 1.4884336750e+03 1.0342269216e+01 4.5443778916e+00 -3.9938186107e+01 3.3964486821e+00 -4.6040861261e+00 1.8018411223e+01 1.3484614660e+01 -3.8278291633e+00
1.9400000000e-01 1.4859007658e+03 1.0746151253e+01 3.0348336337e+00 -4.0322112403e+01 -2.3301186775e+00 -6.5903127170e+00 2.4580458153e+01 2.9972813326e+00 -4.4375765074e+00
1.9410413089e-01 1.4853521403e+03 1.0608419935e+01 2.5929853021e+00 -4.0091115656e+01 -2.8277872822e+00 -6.2981672915e+00 2.4263450342e+01 2.0847290386e+00 -4.7038248992e+00
1.9500000000e-01 1.4796754171e+03 1.2447720762e+01 -2.4568251687e+00 -3.9209378483e+01 1.3928151941e+00 -6.4210641791e+00 2.0600262053e+01 2.4772969510e+00 -5.0373745459e+00
1.9600000000e-01 1.4732270185e+03 1.7795046394e+01 -3.9392689048e+00 -3.8728218529e+01 1.5823783869e+00 -8.9485659216e+00 2.0513438343e+01 9.8061826948e+00 -6.1742096471e+00
1.9700000000e-01 1.4662490703e+03 1.6266810459e+01 -2.7336979884e+00 -4.1385846911e+01 -2.1234114910e+00 -1.0954928090e+01 1.4481417031e+01 5.8817654229e+00 -6.4835515530e+00
1.9800000000e-01 1.4694246263e+03 1.3001928687e+01 -5.5130634770e-01 -4.7201018879e+01 -8.8572499059e+00 -7.2346071469e+00 1.0180523454e+01 8.0674905310e+00 -5.1014363670e+00
1.9900000000e-01 1.4639968576e+03 1.6787998319e+01 -1.4129118548e+00 -5.2901198816e+01 -1.1442507934e+01 -7.1792368892e+00 1.0506962099e+01 1.2570927359e+01 -1.7829427058e+00
2.0000000000e-01 1.4549535407e+03 1.7974718360e+01 5.6895891004e+00 -4.7732021083e+01 -6.2937898720e+00 -3.5202630391e+00 9.6437465893e+00 5.0635164432e+00 -2.4826884418e+00
2.0100000000e-01 1.4561642444e+03 1.9549242441e+01 2.9535173012e+00 -4.9793647626e+01 -1.1397164119e+01 -5.3487752369e+00 1.0887276260e+01 4.2184583426e+00 2.0633491195e+00
2.0200000000e-01 1.4643495444e+03 2.0811472812e+01 3.6704583839e+00 -4.8438172354e+01 -1.1042922947e+01 -7.6860147485e+00 1.1049310822e+01 7.4433184973e+00 3.1317769148e+00
2.0300000000e-01 1.4671236893e+03 1.7550988501e+01 4.3740923609e+00 -5.5854693374e+01 -4.5793572806e+00 -6.6511513628e+00 9.0713974540e+00 -6.5770312246e-01 9.4127131542e-01
2.0400000000e-01 1.4631588245e+03 1.6972276114e+01 5.8962789828e+00 -6.1211485777e+01 -9.4042802195e+00 -7.3619788801e+00 1.0731633650e+01 1.4802054240e+00 1.1622978653e+01
2.0500000000e-01 1.4656033394e+03 1.5960804057e+01 7.0490368327e+00 -5.5771717310e+01 -1.8127315152e+01 -9.3166074230e+00 1.2987534035e+01 2.9449907298e+00 7.3618195490e+00
2.0600000000e-01 1.4612852984e+03 1.2274542121e+01 7.2443024669e+00 -5.0172868872e+01 -2.2173692486e+01 -1.5129078494e+01 5.5468285508e+00 -6.8853680883e+00 6.6020693200e+00
2.0700000000e-01 1.4555795606e+03 1.5133225306e+01 6.0121749731e+00 -5.7676464661e+01 -1.5174529404e+01 -1.8289163361e+01 5.0421075417e+00 -5.8989688158e+00 2.0921197807e+01
2.0800000000e-01 1.4479798808e+03 8.0270452004e+00 1.0100331672e+01 -6.0760295476e+01 -1.4110212671e+01 -1.5160004216e+01 9.2725476670e+00 -1.5160498091e+01 1.5578067968e+01
2.0900000000e-01 1.4482136926e+03 1.2082818126e+01 4.5113321330e-01 -6.0325963099e+01 -8.2408621114e+00 -1.1709903386e+01 2.6518666596e+00 -9.6174476683e+00 9.9016205951e+00
2.1000000000e-01 1.4533777485e+03 1.3015658131e+01 -1.5514403965e+00 -6.0872570836e+01 -2.7585596190e+00 -1.3039876060e+01 1.1631841209e+01 -4.1402349815e+00 1.0477915588e+01
2.1100000000e-01 1.4549083626e+03 7.7354315111e+00 8.8887004085e-01 -5.8875096543e+01 -1.0236973968e+01 -1.1010089050e+01 2.1150121313e+01 -4.5421469310e+00 8.8486764886e+00
2.1200000000e-01 1.4451692311e+03 4.4036017200e+00 5.8826891208e+00 -6.3076021280e+01 -1.0125276764e+01 -7.1771393649e+00 1.0260091746e+01 1.4258641720e+00 1.2516868707e+01
2.1300000000e-01 1.4429526119e+03 1.1799302902e+01 1.5955436572e+00 -5.2607255969e+01 -9.4266077880e+00 -7.3175824887e+00 1.2598108436e+01 -2.5546247962e+00 1.4834104010e+01
2.1400000000e-01 1.4511627217e+03 1.0152458898e+01 -1.7166847107e+00 -5.7159185270e+01 -1.3750762872e+01 -8.7038843881e+00 1.0425328450e+01 7.3631005966e-01 2.0254702310e+01
2.1500000000e-01 1.4452495721e+03 1.2490973080e+01 -5.9800099127e+00 -5.8363649139e+01 -1.4620127696e+01 -1.1970924986e+01 2.3788394467e+00 -4.6312532130e+00 2.0917894528e+01
2.1600000000e-01 1.4436579876e+03 1.0440130639e+01 -1.7754310633e-01 -5.7531298406e+01 -9.3782045065e+00 -1.3536655248e+01 4.2104359178e+00 1.6022067193e+00 2.5774029975e+01
2.1700000000e-01 1.4408966686e+03 2.1439891478e+01 -1.5955860142e+00 -5.5690802825e+01 -1.7820411661e+01 -1.0413066952e+01 5.6256669705e+00 2.8673291346e+00 3.0174056173e+01
2.1800000000e-01 1.4426976907e+03 1.9280985898e+01 -8.7468591514e+00 -5.9609384657e+01 -2.1016935639e+01 -7.6877048115e+00 9.5283529228e+00 1.2742434886e+00 2.4763277820e+01
2.1900000000e-01 1.4377178389e+03 2.3353957278e+01 -4.1063765747e+00 -6.1800019113e+01 -2.5854629869e+01 -1.0017612174e+01 6.7475214849e+00 3.0124523359e+00 2.3483295707e+01
2.2000000000e-01 1.4307323589e+03 2.2595328494e+01 3.3730508418e+00 -6.2781438941e+01 -2.6486793241e+01 -1.4708047701e+01 7.6741630520e+00 8.8059989735e+00 1.7763728664e+01
2.2100000000e-01 1.4224802714e+03 7.8164397042e+00 3.6111496758e+00 -6.0437514671e+01 -2.5701288577e+01 -1.6774593294e+01 5.8998026113e+00 3.2490065765e+00 1.0588760856e+01
2.2200000000e-01 1.4266550085e+03 1.1003936006e+01 -6.8016896528e+00 -5.8622217917e+01 -2.3009746775e+01 -1.2516040992e+01 7.1496728233e+00 7.0161057784e+00 1.7235420697e+01
2.2300000000e-01 1.4285667442e+03 9.9527208074e+00 -1.7774205226e+00 -6.0852969677e+01 -2.6518468142e+01 -5.2347264903e+00 -1.7277362972e+00 8.8076165753e+00 1.9391062560e+01
2.2400000000e-01 1.4202762585e+03 1.3826606916e+01 1.3285368987e+00 -5.4894935638e+01 -1.8426158745e+01 -2.6259177916e+00 2.2079756332e+00 1.0167253506e+01 1.6290449416e+01
2.2500000000e-01 1.4215245148e+03 1.1054437989e+01 1.9890336192e+00 -5.4132548524e+01 -1.6039123273e+01 -3.4382210352e+00 1.5676218465e+00 8.8287553423e+00 2.4677163014e+01
2.2600000000e-01 1.4238958310e+03 1.1720247369e+01 3.1022236113e+00 -4.3578605674e+01 -1.9684420286e+01 -2.9960816949e+00 -1.2884611441e+00 1.1158543844e+01 1.3766491484e+01
2.2700000000e-01 1.4117977682e+03 1.0738599349e+01 -1.7670864395e+00 -4.9495757848e+01 -2.2412360541e+01 -6.2525754122e-01 4.7848700073e-01 1.5030625487e+01 2.0379896496e+01
2.2800000000e-01 1.4187648280e+03 1.4188600654e+01 1.0848105669e+01 -5.5918013081e+01 -2.5501245778e+01 -1.2645616751e+01 1.5731373753e+01 2.3212519424e+01 1.6510201406e+01
2.2900000000e-01 1.4208277107e+03 8.3122777135e+00 1.0653780302e+01 -5.1069286735e+01 -3.3859612025e+01 -1.2489888203e+01 9.5516014022e+00 2.5646456584e+01 1.3076710002e+01
2.3000000000e-01 1.4086824214e+03 1.8015347869e+01 3.7237508093e+00 -5.4362757011e+01 -3.6646151763e+01 -1.1672359588e+01 4.0027053674e+00 3.0819392164e+01 5.9221764856e+00
2.3100000000e-01 1.4007782292e+03 1.4546874731e+01 -2.1816749665e+00 -5.0270709938e+01 -3.4410974098e+01 -1.3420708448e+01 -3.1066432774e+00 2.9806289775e+01 1.2338044021e+01
2.3200000000e-01 1.3953715811e+03 1.9104505822e+01 -5.1758370895e+00 -5.2930492343e+01 -3.3800835269e+01 -1.1470534565e+01 -1.4240622183e+01 1.9014373886e+01 6.7873086603e+00
2.3282333985e-01 1.3964788260e+03 1.3094190963e+01 -1.8719721736e+00 -5.2894562356e+01 -3.2792723328e+01 -1.3002265388e+01 -9.7000977211e+00 2.1524718965e+01 1.1339859786e+01
2.3300000000e-01 1.3979009061e+03 1.3658896979e+01 -1.1426134332e+00 -5.2661099999e+01 -3.3962171514e+01 -1.3905946868e+01 -1.1553012289e+01 2.1487665975e+01 1.3042184454e+01
2.3400000000e-01 1.4069629605e+03 1.0874438292e+01 3.5590513771e+00 -5.6426365395e+01 -3.2082535020e+01 -1.6543003933e+01 -1.2275632268e+01 2.0461197865e+01 1.8283658091e+01
2.3500000000e-01 1.4060536536e+03 7.0650920581e+00 -2.0616809039e+00 -5.7586807670e+01 -3.2392676375e+01 -2.2563914528e+01 -6.3233018735e+00 2.0187385625e+01 1.4383830471e+01
2.3600000000e-01 1.4020149917e+03 1.1880615732e+01 -6.7327227816e+00 -6.3256938361e+01 -3.5185523166e+01 -2.9927810660e+01 -1.3191389074e+01 2.0447026572e+01 1.0159645096e+01
2.3700000000e-01 1.3974161962e+03 1.2560867630e+01 -3.9322825462e+00 -6.1602284512e+01 -2.8263045613e+01 -2.8373738542e+01 -9.5156868149e+00 2.1247340521e+01 1.0231225780e+01
2.3800000000e-01 1.3874542364e+03 3.4622970326e+00 -3.0746267443e+00 -5.7865149968e+01 -2.9991572024e+01 -3.8708645816e+01 -7.0537402535e+00 2.4557212871e+01 5.5520028695e+00
2.3900000000e-01 1.3815531333e+03 4.1306366901e+00 -8.5495876674e+00 -5.5209229540e+01 -2.9754466024e+01 -4.1825695527e+01 -7.3636488399e+00 2.2387184530e+01 2.3340216779e+00
2.4000000000e-01 1.3654728380e+03 1.3602289440e+01 -1.3010898017e+01 -5.6206011543e+01 -2.8930435188e+01 -3.1516165963e+01 -5.1270350187e+00 2.0841672196e+01 1.1571952972e+01
2.4100000000e-01 1.3671685058e+03 -2.0989743534e+00 -7.6816619894e+00 -5.6839588462e+01 -2.3482692330e+01 -3.5013406735e+01 5.2866371189e+00 1.7974144426e+01 5.3365808970e+00
2.4200000000e-01 1.3802744180e+03 8.6905408493e-01 -5.9290425776e+00 -6.2152727340e+01 -1.0346237516e+01 -3.7326590212e+01 4.6980567037e-01 1.0584592292e+01 4.8536898452e+00
2.4300000000e-01 1.3668054919e+03 3.6864702399e+00 -6.7688831664e+00 -5.1083739527e+01 -1.0188902745e+01 -3.9959788056e+01 1.6556317431e+01 8.2078544795e+00 -2.3902561127e+00
2.4400000000e-01 1.3593044075e+03 7.7002587034e+00 -2.4660389397e+00 -5.7191226942e+01 -1.5062400091e+01 -4.7965619473e+01 1.0073242216e+01 5.8792654346e+00 1.2703517893e-01
2.4500000000e-01 1.3576641484e+03 6.5530685011e+00 1.6580776692e+00 -5.9100716250e+01 -2.1949971970e+01 -4.0330560874e+01 -5.0979961109e-01 4.7529545834e+00 5.3919019471e+00
2.4600000000e-01 1.3530899642e+03 6.8065245255e+00 -9.6786225506e+00 -4.6848188554e+01 -2.1422114268e+01 -3.8639644017e+01 -1.4158447787e-01 4.4077999473e+00 9.5271107835e+00
2.4700000000e-01 1.3589425023e+03 7.4849570859e+00 1.0739501752e-01 -5.0933279101e+01 -2.2106334575e+01 -3.8208556647e+01 -4.4226681257e+00 2.6854915688e+00 1.1910781424e+01
2.4800000000e-01 1.3698679978e+03 8.6565812555e+00 1.6313001482e+00 -4.5807201723e+01 -2.1723980509e+01 -4.9461546925e+01 -1.1857276567e-01 1.2866698574e+00 6.6482136003e+00
2.4900000000e-01 1.3572282886e+03 1.3125291912e+01 -6.4390450807e-01 -4.8130067440e+01 -3.0026540621e+01 -4.7377871111e+01 -4.6001823263e+00 5.3844139520e+00 7.0358676722e+00
2.5000000000e-01 1.3533310745e+03 1.0715792581e+01 2.0400031915e+00 -5.2894295684e+01 -2.8624187766e+01 -5.4928220987e+01 4.1300007203e+00 8.0958283049e+00 7.7460102220e+00
2.5100000000e-01 1.3456670340e+03 1.2607747950e+01 -7.3608406977e+00 -4.8837073458e+01 -2.2648504451e+01 -5.1950338837e+01 9.2624051095e+00 1.1322057590e+01 2.6647316953e+00
2.5200000000e-01 1.3617582606e+03 1.5254397418e+01 -4.2453224045e+00 -4.7983825489e+01 -2.8868085800e+01 -5.4588184984e+01 1.4561607218e+01 4.3145868188e+00 -8.0487489128e+00
2.5300000000e-01 1.3628382418e+03 1.3538765511e+01 -8.2172210807e+00 -5.2886610552e+01 -2.9011397535e+01 -5.9068191215e+01 1.0362841516e+01 5.8224503526e+00 -1.0231712567e+01
2.5400000000e-01 1.3465266547e+03 1.4002946988e+01 -1.3841056145e+01 -4.3345525004e+01 -2.2871223820e+01 -5.8248351019e+01 1.2698042927e+01 -5.8297676977e+00 -8.9137757501e+00
2.5500000000e-01 1.3567027901e+03 2.4895936901e+01 -1.0203887409e+01 -4.8902244755e+01 -3.6812261571e+01 -5.9115808788e+01 5.3482189395e+00 3.7929794805e+00 -3.8653759686e+00
2.5600000000e-01 1.3560913433e+03 2.9521354841e+01 -5.7669963386e+00 -4.4622860840e+01 -4.2923319865e+01 -5.1948604400e+01 -1.7656905730e+00 2.8981466243e+00 3.7047767466e+00
2.5700000000e-01 1.3402191807e+03 2.2658215912e+01 3.5806023475e+00 -3.9933434905e+01 -3.4766615258e+01 -3.9997982505e+01 3.7570240636e+00 -3.1395447505e+00 1.3227269267e+00
2.5800000000e-01 1.3262776213e+03 3.0536076272e+01 4.1035854165e+00 -4.6705961421e+01 -3.7485836117e+01 -3.5553637877e+01 8.3810973246e+00 -9.9013180381e+00 6.4779611592e+00
2.5900000000e-01 1.3338783108e+03 3.1910953992e+01 1.3172286962e+01 -5.7788713537e+01 -3.6603110586e+01 -3.6787591856e+01 8.9533952097e+00 -1.6935109245e+01 5.3569349950e+00
2.6000000000e-01 1.3304651640e+03 2.8668993625e+01 1.9329131805e+01 -5.3420603021e+01 -3.6262410957e+01 -3.5637062336e+01 1.0265225981e+01 -2.0778971275e+01 1.2157490997e+01
2.6100000000e-01 1.3154808667e+03 2.4792216144e+01 1.9115967622e+01 -5.2145732751e+01 -3.4821662929e+01 -3.0028006280e+01 1.2996636723e+01 -2.2305672494e+01 4.8058582172e+00
2.6200000000e-01 1.3047296764e+03 1.8614531719e+01 1.6584991204e+01 -5.2033015062e+01 -2.4213191621e+01 -3.9105654210e+01 1.4287640254e+01 -1.5183496362e+01 2.9207093598e+00
2.6300000000e-01 1.3009767442e+03 2.0346634861e+01 1.1892879207e+01 -5.2034298586e+01 -1.9222115270e+01 -3.2427047812e+01 3.1357949320e+00 -1.3240174558e+01 -2.2267513371e-01
2.6400000000e-01 1.3064515008e+03 1.5491383724e+01 1.4659747800e+01 -5.4010553329e+01 -1.5457986694e+01 -4.1566190621e+01 8.6448821273e+00 -1.2773588504e+01 -2.9827104668e+00
2.6500000000e-01 1.3025184113e+03 1.4264803119e+01 1.5866265527e+01 -5.5320146372e+01 -1.1787725954e+01 -3.6634114967e+01 1.6272346521e+01 -1.9987098956e+01 -1.5116061071e+00
2.6600000000e-01 1.3059523670e+03 1.6439536059e+01 9.4724945457e+00 -5.8673479307e+01 -1.9655585942e+01 -4.6893077004e+01 1.3059371882e+01 -1.0714592993e+01 -5.0972809997e+00
2.6700000000e-01 1.2963064913e+03 1.1139427984e+01 4.4192470033e+00 -5.0684989688e+01 -2.3463713489e+01 -3.4729687937e+01 8.9249904268e+00 -1.5350028116e+01 5.2746037176e+00
2.6800000000e-01 1.2831682182e+03 9.6881790049e+00 1.3607740194e+01 -4.1568378833e+01 -1.8755230078e+01 -3.8635935774e+01 1.2245924206e+01 -1.1285164480e+01 1.3423804194e-01
2.6900000000e-01 1.2799633510e+03 1.0314115578e+01 1.1528649550e+01 -4.4775361580e+01 -1.1748220262e+01 -3.5538538746e+01 1.2155721118e+01 -1.7106498219e+01 3.4333431843e+00
2.7000000000e-01 1.2773030459e+03 9.3159332722e+00 6.8911497855e+00 -3.8732405342e+01 -1.2602681201e+01 -3.1434049467e+01 1.4932155833e+01 -1.4600541382e+01 -1.9065812978e+00
2.7091172744e-01 1.2690830527e+03 8.3620901769e+00 4.2085735648e+00 -4.6095645818e+01 -1.9668138805e+01 -2.7241918073e+01 1.6905975639e+01 -1.6120778314e+01 6.1401951440e+00
2.7100000000e-01 1.2678997520e+03 8.1961804466e+00 3.9174483161e+00 -4.6354076951e+01 -2.0002616988e+01 -2.6792718232e+01 1.6422580330e+01 -1.5580777578e+01 5.8678481179e+00
2.7200000000e-01 1.2628362440e+03 7.6959120052e+00 1.7501239754e+00 -4.2938733212e+01 -2.0884165303e+01 -2.3361272269e+01 1.2908486519e+01 -5.7577588431e+00 2.7123485546e+00
2.7300000000e-01 1.2678350954e+03 4.3422799614e+00 6.0749974788e+00 -4.3724348797e+01 -1.6133333269e+01 -2.9555219190e+01 1.6237604059e+01 -9.3199327507e+00 2.2469461787e+00
2.7400000000e-01 1.2812796459e+03 1.2902509087e+01 6.9627183858e+00 -4.9193220698e+01 -1.8006371387e+01 -3.3211952808e+01 1.5711229319e+01 -8.8633819774e+00 -5.0581829214e+00
2.7500000000e-01 1.2829149859e+03 1.0455387977e+01 1.3468416658e+01 -5.0378759402e+01 -2.6203666561e+01 -3.0620318050e+01 1.3106980159e+01 -5.6016714783e+00 2.4609481743e-01
2.7600000000e-01 1.2838384140e+03 1.1663724511e+01 1.0106855592e+01 -5.4750912351e+01 -2.7178996969e+01 -2.2580479682e+01 9.3549892049e+00 -2.4306974372e+00 -5.9336181968e-01
2.7700000000e-01 1.2848447663e+03 1.4565470320e+01 8.3257624902e+00 -5.0779530853e+01 -3.0343892660e+01 -1.7325456859e+01 1.1139850336e+01 -1.3106724410e+01 -7.7146555071e-01
2.7800000000e-01 1.2783528994e+03 7.5084538875e+00 8.8436021323e+00 -5.8310274468e+01 -2.8623822067e+01 -5.6670956425e+00 9.9746412953e+00 -2.0426581287e+01 2.0713211684e+00
2.7900000000e-01 1.2864016397e+03 1.1982050730e+01 2.0418160953e+01 -5.5222956595e+01 -3.0948844462e+01 -1.0090569914e+01 7.0654036294e-01 -2.1876139367e+01 3.2960014204e-01
2.8000000000e-01 1.2862915312e+03 1.1442173611e+01 2.4994190445e+01 -4.5904309896e+01 -2.6204089524e+01 -7.9918379834e+00 1.4809236394e+01 -1.6073880169e+01 -1.1098958139e+01
2.8100000000e-01 1.2860452775e+03 4.1128428434e-01 1.6528997368e+01 -5.3160317465e+01 -1.3781055422e+01 -1.7406782736e+00 8.0753631015e+00 7.3360200640e+00 1.3961182993e+00
2.8200000000e-01 1.2725722143e+03 6.2783873221e+00 2.0197445972e+01 -5.4055817689e+01 -1.3363025234e+01 -1.3556821975e+00 9.0230065658e+00 5.6259656482e+00 -1.3600037730e+00
2.8300000000e-01 1.2626568917e+03 -1.7947436291e+00 2.0372488859e+01 -3.8375421595e+01 -9.4980455709e+00 -8.9416737600e-01 -8.4418766553e-01 1.2304588772e+01 7.1855472403e+00
2.8400000000e-01 1.2514370218e+03 -1.7300078893e+00 1.5855092622e+01 -4.3101836733e+01 -2.4129721778e+01 -9.2783829285e+00 1.1550765676e+00 1.0230120950e+01 1.0217606867e+01
2.8500000000e-01 1.2520242867e+03 -4.1284014511e+00 2.1436388178e+01 -3.9582465904e+01 -1.5875758195e+01 -1.5990438650e+01 1.4999169154e+01 9.3059171771e+00 -1.5308171196e+00
2.8600000000e-01 1.2628345325e+03 -5.1243401970e+00 2.0140085148e+01 -4.6119860683e+01 -8.2276852842e+00 -1.5896860710e+01 1.8463104152e+01 8.4553355589e+00 -9.0092146000e+00
2.8700000000e-01 1.2560752438e+03 -6.3769222570e+00 4.1182239978e+00 -4.3607399668e+01 -1.5410393537e+00 -1.2867096893e+01 1.4128552096e+01 5.6331094232e+00 -1.8566047583e-01
2.8800000000e-01 1.2637051398e+03 -4.9768619604e+00 1.4133369301e+01 -4.9575631339e+01 3.9030937276e+00 -1.4495869001e+01 4.7824957401e+00 -6.1778285789e-02 -1.0714989720e+00
2.8900000000e-01 1.2676074385e+03 -1.2434019099e+00 3.9671696162e+00 -5.2149971895e+01 -2.8836600925e+00 -2.2728662187e+01 2.3005593000e+01 4.2916880789e+00 -1.7715202817e+00
2.9000000000e-01 1.2599685926e+03 1.1718080429e+00 5.1887430785e+00 -5.1425096842e+01 3.5244570675e+00 -7.6315438458e+00 2.5628738533e+01 3.7038157305e+00 -7.0823755038e+00
2.9100000000e-01 1.2618463393e+03 6.5349996060e+00 5.0745479438e+00 -5.3659369575e+01 -8.8223250736e-02 -7.1363485890e+00 2.2956506253e+01 4.5664885234e+00 -1.0338606790e+01
2.9200000000e-01 1.2514635411e+03 -3.9501106754e+00 5.4420081586e+00 -4.5567505722e+01 7.4592258122e+00 -1.6068857943e+00 1.0656233281e+01 -1.8382858863e+00 -1.6258234834e+01
2.9300000000e-01 1.2489927780e+03 3.2809474284e+00 1.1980232021e+01 -5.3999851745e+01 5.3340420773e+00 -8.9914207378e+00 1.1565541874e+01 1.9340210509e+00 -2.2999483323e+01
2.9400000000e-01 1.2377036171e+03 -2.3017349613e+00 1.0887671720e+01 -4.4619566704e+01 1.3114504766e+01 -1.0312952021e+01 1.3467073320e+01 5.5764533284e+00 -1.8942150911e+01
2.9500000000e-01 1.2453527071e+03 -7.6938572386e-01 1.4028354299e+01 -3.1134548239e+01 4.1941815527e+00 -1.0667154726e+01 2.8838379146e+00 6.4009957054e+00 -1.4305772582e+01
2.9600000000e-01 1.2399239032e+03 2.1149264296e+00 2.0313822704e+01 -4.4129594721e+01 7.5947693458e+00 -1.1227873660e+01 6.0335103243e+00 1.9332703212e+00 -1.8907460500e+01
2.9700000000e-01 1.2431898424e+03 -8.3895857912e-01 1.5385867335e+01 -4.2481883805e+01 6.4317675357e+00 -9.7937135240e+00 1.6516357617e+01 -1.0396164961e+01 -1.0804765570e+01
2.9800000000e-01 1.2402758368e+03 1.1281568561e+01 6.2711945923e+00 -3.6977048113e+01 6.8739032759e+00 -1.3832055130e+01 1.7080739353e+01 -1.3187385567e+01 -2.2428728830e+01
2.9900000000e-01 1.2524917071e+03 1.0668692510e+01 1.6920671629e+01 -4.2038054336e+01 1.4577255262e+00 -1.1797414934e+01 1.7062104718e+01 -2.0288276061e+01 -1.7067412983e+01
3.0000000000e-01 1.2521535834e+03 9.6291477351e+00 1.0028254763e+01 -3.9627385659e+01 -6.3349250803e+00 -7.7527922673e+00 1.2754479008e+01 -1.9264250253e+01 -2.3145991847e+01
3.0100000000e-01 1.2525543519e+03 1.4491736404e+01 2.5777312950e+00 -3.9130052991e+01 4.6026725758e+00 -4.2686226009e+00 7.5306827616e+00 -1.7308025913e+01 -2.6316042969e+01
3.0200000000e-01 1.2530639940e+03 1.2700778013e+01 2.6683820083e+00 -4.2218018209e+01 -1.2427628591e+00 9.8718040314e+00 9.4880835345e+00 -1.5068711288e+01 -2.5286970415e+01
3.0300000000e-01 1.2653396321e+03 1.4759606131e+01 8.5828004232e+00 -4.1001233780e+01 -4.8611992395e+00 1.0875368731e+01 8.5306278755e+00 -2.2817222828e+01 -2.6777708727e+01
3.0400000000e-01 1.2440159883e+03 1.0881401380e+01 1.4941958499e+00 -3.2566844787e+01 -1.6714049882e+01 1.2614985621e+01 7.1274035039e+00 -2.3929571357e+01 -3.0810762792e+01
3.0500000000e-01 1.2405675474e+03 9.5295759163e+00 1.0185300520e+01 -4.4047694383e+01 -4.4122299168e+00 2.8335951405e+00 1.6370686311e+00 -1.8258340800e+01 -2.7933506976e+01
3.0600000000e-01 1.2470420801e+03 5.3483856800e+00 -2.2810699409e+00 -3.9772074357e+01 -3.7752585401e+00 5.5121252556e+00 -1.7681484873e+00 -2.6444526737e+01 -2.8399053172e+01
3.0700000000e-01 1.2452009042e+03 7.0162728759e+00 4.0834218884e+00 -4.2840536485e+01 -2.5821552966e+00 3.0148728422e+00 4.8416224747e+00 -2.9997176421e+01 -2.6317341749e+01
3.0789752212e-01 1.2442244494e+03 3.6072473134e+00 -1.2379698510e-01 -4.7691969852e+01 -2.3788905468e-01 1.1591571682e+01 5.2931056405e+00 -3.2099987296e+01 -2.9640103644e+01
3.0800000000e-01 1.2441001882e+03 3.1562815375e+00 -4.5440637971e-01 -4.7196047921e+01 -4.1579616915e-01 1.1821904466e+01 6.5181324040e+00 -3.1612538618e+01 -2.7969349780e+01
3.0900000000e-01 1.2377115138e+03 6.7405540126e+00 3.6446775874e+00 -4.6425662166e+01 8.3681009398e+00 1.6654826544e+01 7.5060237985e+00 -2.6246780662e+01 -2.5036197338e+01
3.1000000000e-01 1.2273140511e+03 6.1443335475e+00 -2.4701075854e+00 -3.5689643534e+01 1.2572353232e+01 6.2362644114e+00 1.6172479844e+01 -3.2730759926e+01 -1.8240052869e+01
3.1100000000e-01 1.2242310437e+03 5.4522896728e+00 -8.7214730100e+00 -3.8702978081e+01 1.7613104894e+01 2.9970062729e+00 1.7884582799e+01 -2.1729550645e+01 -2.3571248306e+01
3.1200000000e-01 1.2357613799e+03 2.7272514891e+00 -4.0169512893e+00 -3.4916370215e+01 1.9017377054e+01 8.2443285906e+00 1.8712587289e+01 -2.5234366216e+01 -1.8457398877e+01
3.1300000000e-01 1.2428298456e+03 4.5342269357e+00 -7.7481541508e+00 -4.0502628791e+01 2.1287197389e+01 -2.4377158631e+00 2.2907226587e+00 -3.0652954987e+01 -9.5376438515e+00
3.1400000000e-01 1.2613903315e+03 7.8817220790e+00 -9.2724839528e+00 -5.6502518185e+01 1.1993244728e+01 -2.4578603269e+00 5.1333704505e+00 -3.0365339585e+01 4.5784540481e-01
3.1500000000e-01 1.2596805419e+03 3.9182432751e+00 -1.4947729851e+01 -4.5367268294e+01 7.4453936125e+00 -7.9084825354e+00 -1.9968119969e+00 -2.2930266924e+01 9.5319031254e+00
3.1600000000e-01 1.2405945384e+03 1.1116836323e+01 -6.4125542697e+00 -4.4081864817e+01 4.5371306114e+00 4.1555935554e+00 -2.2048600103e+00 -1.9876245659e+01 7.2940117489e+00
3.1700000000e-01 1.2295581425e+03 5.1371864813e+00 -2.3594245560e+00 -6.4185501843e+01 -4.3172397821e+00 -4.8838957417e-01 -3.2674359702e+00 -5.2078388450e+00 1.2994228656e+01
3.1800000000e-01 1.2351921153e+03 3.0310072880e+00 -1.5131649431e+00 -5.4826035377e+01 -5.6304776723e+00 -5.1668262097e+00 -7.6273325251e+00 -1.6567490355e+01 1.1554847576e+01
3.1900000000e-01 1.2552218719e+03 1.0593232938e+01 8.3840737201e+00 -5.7025590354e+01 4.4712947874e+00 -1.1411508329e+00 -4.8518133221e+00 -2.4773827209e+01 8.5488999183e+00
3.2000000000e-01 1.2507671939e+03 1.1001586568e+01 3.0192283969e+00 -3.6994184662e+01 6.8836893050e+00 -7.1608006643e+00 -3.8058851716e+00 -3.6158387691e+01 1.5211339360e+01
3.2100000000e-01 1.2659076222e+03 1.2751001055e+01 -8.4675641214e+00 -4.8961921524e+01 2.5088871540e+00 1.6977523982e+00 -3.6723753620e+00 -3.9481816036e+01 8.0416024534e+00
3.2200000000e-01 1.2666270607e+03 1.3543283515e+01 -7.4219142039e+00 -4.3626962749e+01 5.7827270628e+00 4.4959472300e+00 -5.5279314753e+00 -3.5569862621e+01 9.6215950781e+00
3.2300000000e-01 1.2510579240e+03 1.4203464099e+01 1.1347244801e+01 -2.8473277102e+01 -3.2895010317e+00 9.6825510695e+00 -3.2108756629e+00 -3.2253157597e+01 1.1425508431e+01
3.2400000000e-01 1.2433416519e+03 4.1327156848e+00 1.5484198405e+01 -3.3176243246e+01 -9.1559735777e+00 2.6006225803e+01 1.3419742233e+00 -3.0530202390e+01 1.9662260942e+01
3.2500000000e-01 1.2304439423e+03 4.1119495871e+00 -1.6324299402e+00 -4.2712420344e+01 -1.3826516470e+01 7.5694215306e+00 -2.5210426223e+00 -3.5529802194e+01 1.6922561719e+01
3.2600000000e-01 1.2509458587e+03 8.4660017187e+00 1.1887015796e+01 -2.8349099415e+01 -1.5232025789e+01 7.7120104176e+00 -1.3686487210e+01 -3.3476266209e+01 1.3654821748e+01
3.2700000000e-01 1.2455870551e+03 5.9936447293e+00 1.9939577765e+01 -3.5888151753e+01 -1.1944142255e+01 1.0940623368e+01 -1.2730804092e+01 -3.0707294396e+01 1.2636748026e+01
3.2800000000e-01 1.2443640188e+03 6.1563287312e+00 1.9802437991e+01 -3.6523613280e+01 -1.4830408288e+01 9.4163770112e+00 -9.8853503997e+00 -1.2962708146e+01 1.5626315888e+01
3.2900000000e-01 1.2483507908e+03 1.1174136707e+01 2.4082406265e+01 -4.9004802046e+01 -1.1160654424e+01 6.4015173253e+00 -2.0238106681e+01 -3.1381771336e+01 1.8199985515e+01
3.3000000000e-01 1.2572594612e+03 3.2734757503e+00 2.1479179661e+01 -4.4183245068e+01 -1.4974746399e+01 1.4272056146e+01 -2.1431182452e+01 -2.7611626239e+01 2.7552070869e+01
3.3100000000e-01 1.2559708677e+03 -1.1303840639e+01 1.4216166262e+01 -5.5229530262e+01 -1.0094542977e+01 6.7223986790e+00 -1.1013365073e+01 -1.7603914483e+01 3.8072745096e+01
3.3200000000e-01 1.2495986801e+03 -8.7741678501e+00 3.5611956754e+00 -4.4362006516e+01 5.3078888304e-01 -3.8226469127e+00 1.1743489845e+00 8.2500058881e+00 4.6784624000e+01
3.3300000000e-01 1.2552506451e+03 -4.8383711720e+00 1.2074240242e+01 -3.7884775633e+01 -1.4395490938e+01 -3.7520927258e+00 -2.8593705038e-01 -5.6147970622e+00 4.0656183672e+01
3.3400000000e-01 1.2396142786e+03 -1.6497153553e+01 1.6486398447e+01 -4.3626525844e+01 -1.4405660246e+01 -1.1504371614e+01 -2.1050104802e+01 -8.0596013244e+00 4.3634102193e+01
3.3500000000e-01 1.2185795103e+03 -2.3844270367e+01 2.1813409280e+01 -4.9792483266e+01 -2.3775514683e+01 -1.2915712318e+01 -4.7575468103e-01 -8.6810534470e+00 3.5222429136e+01
3.3600000000e-01 1.2248320236e+03 -1.9459943354e+01 6.6557007797e+00 -4.3915497606e+01 -3.6198001866e+00 -2.0916814089e+01 -9.9285180688e+00 -1.5406910178e+00 3.8300125146e+01
3.3700000000e-01 1.2283897148e+03 -2.4367571877e+01 1.3901625989e+01 -5.2197366644e+01 -3.4127868627e+00 -2.6572015381e+01 -2.6947616431e+00 -1.5487809985e+01 3.9933539897e+01
3.3800000000e-01 1.2153697831e+03 -2.5916937433e+01 9.6861910539e+00 -4.2020280281e+01 -1.2678171778e+01 -2.7818006226e+01 -7.4893390613e+00 -1.5138597285e+01 3.6281700131e+01
3.3900000000e-01 1.2118797477e+03 -2.6458843295e+01 2.2445748715e+00 -4.3817493890e+01 -1.4481719798e+01 -2.4406381647e+01 -9.2922856781e+00 -6.8681879989e+00 4.0685097647e+01
3.4000000000e-01 1.2179550399e+03 -1.1236485364e+01 3.4593835078e-01 -4.6515644070e+01 -6.6902423354e+00 -6.9411958582e+00 -2.9547573358e+00 2.5532655568e+00 2.9275423584e+01
3.4100000000e-01 1.2104833539e+03 -1.0827670132e+01 8.7427681032e+00 -5.2280101149e+01 -1.7900622724e+00 1.2503515680e+01 -2.4703106428e+00 -1.1181493069e+01 2.7802526622e+01
3.4200000000e-01 1.1880914348e+03 -1.2962615362e+01 -8.1186539129e-02 -4.7721965027e+01 6.3785868045e+00 2.1414326357e+00 -5.9188853411e+00 -5.9573365904e+00 1.9874420553e+01
3.4300000000e-01 1.1819476545e+03 -7.3910411676e+00 4.8233558968e+00 -5.7516774300e+01 1.6940682062e-01 2.6335783167e+00 -4.5711251749e+00 -1.7263083576e+00 1.4061528386e+01
3.4400000000e-01 1.1934103016e+03 2.7156823727e-01 -5.2333889290e+00 -5.3747536871e+01 -6.5892521332e+00 8.8458215693e-01 5.8108088985e+00 -1.2377819273e+00 1.5952813894e+01
3.4455276768e-01 1.1813040581e+03 -2.5023699644e+00 -5.1260880228e+00 -5.6969925180e+01 -9.4011492174e+00 -4.5279759449e-01 6.0943282119e+00 9.1300878883e-01 2.0339661063e+01
3.4500000000e-01 1.1771204899e+03 -2.7907434297e+00 3.4894440804e+00 -5.3186276284e+01 -1.3820988259e+01 3.2884500597e+00 2.9734116722e+00 -9.4760822985e+00 1.3370481661e+01
3.4600000000e-01 1.1726102741e+03 -1.0588690867e+01 1.0419229119e+01 -5.2150471744e+01 -1.2459816380e+00 -2.7929742928e+00 1.3038846094e+01 -6.5269633815e+00 1.5355411652e+01
3.4700000000e-01 1.1826313669e+03 -2.7694543258e+00 4.0414977119e+00 -5.0113346990e+01 -9.7372801783e+00 -9.1716398900e+00 7.7325964005e+00 4.5622901109e+00 5.0185063776e+00
3.4800000000e-01 1.1729628469e+03 1.8344228524e+00 -3.1440270585e+00 -4.2958150032e+01 -2.8141475171e+00 -1.9200818044e+01 -8.3336006576e+00 -4.2848546886e+00 -9.1246620449e+00
3.4900000000e-01 1.1584167820e+03 -1.5172154225e+01 3.0326886055e+00 -4.3706120395e+01 -5.4811357800e+00 -9.0213150638e+00 -8.2522120219e+00 -1.2559693735e+01 1.5794961438e+00
3.5000000000e-01 1.1578005777e+03 -5.6043337567e+00 2.8339115887e+00 -5.0413542578e+01 2.5790419222e+00 -1.1796032396e+00 -1.2378629182e+01 -1.1379236690e+01 3.2660172936e+00
3.5100000000e-01 1.1572414578e+03 7.2507483754e+00 3.8376542295e+00 -5.0385446533e+01 1.4044853364e+00 2.3970953695e+00 -1.1653462050e+01 -2.3619384519e+01 1.2417633736e+01
3.5200000000e-01 1.1514691137e+03 4.5305624364e+00 -1.0889419305e+01 -3.4406363145e+01 -5.6427168809e+00 -3.4354082431e+00 -2.4090740284e+01 -2.3249880232e+01 1.5442601212e+01
3.5300000000e-01 1.1549803383e+03 -3.6784362658e+00 -1.2074262635e+01 -3.5387040188e+01 -1.2185841653e+01 -5.2817246899e+00 -2.8341107532e+01 -3.3293374408e+01 1.7509693719e+01
3.5400000000e-01 1.1643623364e+03 -9.6553409575e+00 -1.4708377534e+01 -3.3864496769e+01 -6.7708841119e+00 -1.2375246149e+01 -3.0217999607e+01 -2.9416551678e+01 2.6263199618e+01
3.5500000000e-01 1.1585156645e+03 -1.3418065036e+01 -1.3472728714e+01 -3.8932943180e+01 -1.4073968671e+01 -9.3331424338e+00 -3.2828229077e+01 -1.8333444294e+01 3.1965979863e+01
3.5600000000e-01 1.1522493520e+03 6.4167801681e-01 -1.3729339225e+01 -4.5821112801e+01 -1.9519684164e+01 1.5728218307e+00 -3.0935215945e+01 -9.2424713255e+00 2.9145645761e+01
3.5700000000e-01 1.1315785164e+03 -6.8584148020e+00 -9.7512125762e+00 -4.9739094748e+01 -1.3723891048e+01 -3.6379953689e+00 -2.1433210799e+01 -3.3325447080e+00 1.3459546885e+01
3.5800000000e-01 1.1337958395e+03 -7.5904895423e+00 -3.2545458596e+00 -5.3469267052e+01 -8.0572083184e+00 -7.9121777387e+00 -2.0528394497e+01 -1.7273203793e+01 1.2948288077e+01
3.5900000000e-01 1.1296678542e+03 -3.7741642763e+00 -5.7978613908e+00 -4.8512117417e+01 -1.0194517188e+01 9.3770429879e-01 -7.2516939388e+00 -2.6979732497e+01 1.0933581373e+01
3.6000000000e-01 1.1402514963e+03 -1.0336898965e-01 -2.3691783367e+00 -5.3978759350e+01 -1.9375727082e+01 4.3253905499e+00 -4.7792278201e+00 -1.9043866167e+01 1.2909397196e+01
3.6100000000e-01 1.1269525204e+03 -3.9489124682e+00 -8.5872229285e+00 -4.5909073765e+01 -1.4713130174e+01 -1.7109216219e-01 4.8967512694e-01 -1.3329467812e+01 1.3060498966e+01
3.6200000000e-01 1.1313741652e+03 -8.8951042778e-01 1.2259975719e+00 -5.8819540461e+01 -1.7059335645e+01 4.7219570335e+00 -8.1832190641e+00 -1.2407435812e+01 6.2659555010e+00
3.6300000000e-01 1.1416219359e+03 4.8674364179e+00 -1.0297686846e+01 -5.8241771037e+01 -1.6159356756e+01 9.7498797376e+00 -1.4645452719e+00 -2.1749808278e+01 1.0380231669e+01
3.6400000000e-01 1.1192768403e+03 -6.1062024386e+00 -1.1336039396e+01 -5.6549021632e+01 -8.9093985656e+00 7.2782054053e+00 -5.6865718763e-01 -1.4934514862e+01 1.5074856172e+01
3.6500000000e-01 1.1139225230e+03 -6.1499338376e+00 -7.3757120422e+00 -6.0982331249e+01 -1.5385782881e+01 -9.3322755135e+00 -7.2721564036e+00 -1.1321471369e+01 8.0720136544e+00
3.6600000000e-01 1.1088597639e+03 -8.3703858359e-01 -1.0692578499e+01 -5.9851323313e+01 -1.5136409506e+01 -1.2785991607e+01 -8.1061746229e+00 -8.9598503659e+00 1.0298645443e+01
3.6700000000e-01 1.1046723267e+03 5.4768344299e-01 -4.0286423574e+00 -4.9950694522e+01 -1.4268768107e+00 -1.1897900841e+01 -4.0146098510e+00 -1.7216847597e+01 4.3389513438e+00
3.6800000000e-01 1.1164930779e+03 5.1218287998e+00 -9.0070033141e+00 -4.9380794020e+01 -2.2011968033e+00 -1.5019991032e+01 -5.8649838265e+00 -1.2447428632e-01 1.5449037258e+01
3.6900000000e-01 1.1174800910e+03 3.6103790506e+00 6.7240370111e-01 -4.2181571647e+01 -4.6940766593e+00 -6.8306595574e+00 -1.5091306273e+01 1.1704715955e+01 3.0028453197e+01
3.7000000000e-01 1.1188439489e+03 -8.8865189248e-01 -1.2035692018e+00 -4.5711601019e+01 4.6994471047e+00 -5.9367887071e+00 -9.2730658785e+00 1.4116847803e+01 2.7342526389e+01
3.7100000000e-01 1.1307393219e+03 1.8135587933e+00 -4.5566083869e-01 -3.4894377074e+01 4.0487933786e+00 -7.4209964480e+00 -2.3053667025e+01 2.4330507537e+00 3.1864150743e+01
3.7200000000e-01 1.1136827231e+03 2.2645506610e+00 -2.6803861744e-01 -3.4036636211e+01 3.1232738494e-01 2.3240798858e+00 -2.5120478273e+01 1.9712442277e+01 2.9713770655e+01
3.7300000000e-01 1.1299456488e+03 1.6402843055e+00 7.4937029228e+00 -2.3758837259e+01 -7.1955301879e+00 3.1738543696e+00 -2.2288704727e+01 2.3103846971e+01 2.2890948504e+01
3.7400000000e-01 1.1280957572e+03 -5.1425951388e-01 -8.3744203736e-01 -2.9951580785e+01 -1.3254513989e+01 4.7996153568e+00 -1.8721270587e+01 1.7588332230e+01 1.2365141302e+01
3.7500000000e-01 1.1301981799e+03 1.4332496723e+00 2.6972992205e+00 -3.6640142078e+01 -2.1905073271e+01 8.3209655754e+00 -2.0362630436e+01 1.3595181939e+01 1.1448173465e+01
3.7600000000e-01 1.1455435289e+03 1.1154532462e+01 -4.0929342322e+00 -2.5704066161e+01 -1.5776807782e+01 2.1149534284e+01 -2.4290747768e+01 2.3130326220e+01 1.2301021382e+01
3.7700000000e-01 1.1394145529e+03 1.5214775173e+01 1.2783246780e+00 -3.4086514761e+01 -1.4516757114e+01 1.3169051023e+01 -1.0797387720e+01 2.6430176417e+01 -4.0125874627e+00
3.7800000000e-01 1.1290016096e+03 2.2435750059e+01 -2.6214706604e+00 -3.5788347169e+01 -1.8147395880e+01 1.3791361038e+01 -1.2491116547e+01 2.1354669232e+01 1.7518161058e+00
3.7900000000e-01 1.1177312029e+03 2.0047159220e+01 3.7500921032e+00 -3.2564327254e+01 -8.6586681317e+00 1.8867288595e+01 -1.0793212420e+01 2.6713949838e+01 9.7542835470e-01
3.8000000000e-01 1.1071152554e+03 1.1562380503e+01 1.1494634477e+00 -3.4979919265e+01 -9.3192760170e+00 1.2113177058e+01 -5.0287941215e+00 2.9566433800e+01 -3.2779266578e+00
3.8058004426e-01 1.1029010126e+03 6.9333821278e+00 -1.9969644154e+00 -3.0437692605e+01 -3.3647129051e+00 7.1240349207e-01 -5.4699788628e+00 2.6294048721e+01 -1.3517487109e+01
3.8100000000e-01 1.1029345196e+03 7.5635362715e+00 8.0854434209e+00 -2.9626056880e+01 -1.8343702068e+00 -4.4169090004e-01 -9.4792493582e+00 2.9895739042e+01 -1.0112829724e+01
3.8200000000e-01 1.1044011258e+03 9.1056897930e+00 4.3890485500e+00 -2.7050758934e+01 -1.2486512616e+01 -5.3856499334e+00 -2.4903267391e+01 3.3565842230e+01 -5.3025229081e+00
3.8300000000e-01 1.0872053812e+03 -1.3434597621e+01 8.4303142735e+00 -3.4790437069e+01 -1.7847202416e+01 -4.0727829009e+00 -1.3794065057e+01 3.2011460425e+01 -7.9098959940e+00
3.8400000000e-01 1.0911156293e+03 -9.1926276202e+00 9.4090949141e-01 -4.1506947514e+01 -1.4406704749e+01 -2.1931150727e+01 -1.1835094900e+01 2.6493228417e+01 -2.6125336652e+01
3.8500000000e-01 1.0818692000e+03 -1.3875018841e+01 3.1441467178e+00 -2.3250892533e+01 -7.7340682689e-01 -3.1315413512e+01 -1.0559293844e+01 2.9941201856e+01 -2.0291315106e+01
3.8600000000e-01 1.0841581257e+03 -1.0258295055e+01 6.5378941773e-01 -3.4418360227e+01 1.0840705556e+01 -3.2939285768e+01 -2.3377194314e+01 2.7148846398e+01 -2.0395611988e+01
3.8700000000e-01 1.0868187187e+03 -7.8970576649e+00 2.3275763799e+00 -2.8595539410e+01 1.7935248592e+01 -2.8159080888e+01 -2.2417567306e+01 1.3078797897e+01 -2.7334998129e+01
3.8800000000e-01 1.0916300721e+03 3.7351470501e+00 7.1412701722e+00 -3.0766951890e+01 -5.8234277096e+00 -1.5248593162e+01 -1.7046451476e+01 1.1098749569e+01 -3.2088560973e+01
3.8900000000e-01 1.0840234585e+03 2.2265380639e+00 -2.4698797054e-01 -3.1916842877e+01 5.8227826151e+00 -2.8786664773e+01 -1.5150173192e+01 1.8044721149e+01 -3.9025100008e+01
3.9000000000e-01 1.0726440495e+03 -7.7544923827e+00 7.6680237794e+00 -3.4106254643e+01 7.0904447755e+00 -2.1156070112e+01 -2.0323104019e+01 1.9180543943e+01 -2.4904122921e+01
3.9100000000e-01 1.0634075539e+03 -1.3551889389e+01 5.6258106343e+00 -3.7827635792e+01 8.8387935745e+00 1.5050213232e+00 -2.7111047316e+01 3.5347639864e+01 -1.4470022732e+01
3.9200000000e-01 1.0743124277e+03 -8.0082102638e+00 6.6548315942e+00 -3.9515249347e+01 7.7524016645e+00 -8.0602364306e-01 -3.1222404494e+01 3.3888622712e+01 -8.8056062308e+00
3.9300000000e-01 1.0704276356e+03 -1.7697268852e+01 -5.3739802428e+00 -4.4089552291e+01 1.7843375499e+01 -1.1656273431e+01 -2.8803243617e+01 4.0896836381e+01 -9.0655837452e+00
3.9400000000e-01 1.0690726755e+03 -1.8909979928e+01 -1.0437737823e+01 -4.6035017780e+01 1.3713025034e+01 -8.1222649951e+00 -3.5733164970e+01 3.1321942427e+01 -1.3423112098e+01
3.9500000000e-01 1.0569683493e+03 -2.2140422242e+01 -1.5634999530e+01 -4.3539017954e+01 1.8435304177e+01 6.5688423226e+00 -3.2168284124e+01 2.2834996875e+01 -8.1623979605e-01
3.9600000000e-01 1.0560099377e+03 -1.3447367336e+01 -1.0997337969e+01 -3.7201197441e+01 1.5738480871e+01 1.2041700767e+01 -2.7400091086e+01 2.6193191128e+01 -1.1308145358e+01
3.9700000000e-01 1.0502847087e+03 -1.0518046965e+01 -9.6754323222e+00 -3.6326105464e+01 1.5522119224e+01 4.6350425566e+00 -2.5917705854e+01 2.2972911662e+01 -1.9386499918e+01
3.9800000000e-01 1.0357457609e+03 -8.2671723432e+00 -1.0386457244e+01 -4.4855953622e+01 2.2965053097e+01 5.3625733580e+00 -3.0569166115e+01 1.3177125496e+01 -1.6272920597e+01
3.9827330236e-01 1.0341861079e+03 -7.8428330406e+00 -8.4180163939e+00 -4.3026052948e+01 1.8184382597e+01 7.6939675224e+00 -2.8807093881e+01 1.3184338919e+01 -1.7086809280e+01
