0.0065017 4.0469 10.82 143.32
0.0070032 4.781 10.899 145.18
0.0075053 5.5943 10.982 147.13
0.0080093 6.4508 11.034 148.15
0.0085133 7.3905 11.104 149.77
0.0090166 8.3773 11.163 151.04
0.0095206 9.4358 11.234 152.81
0.010021 10.519 11.29 154.02
0.010523 11.609 11.337 155.06
0.011026 12.714 11.394 156.54
0.011528 13.801 11.43 157.28
0.012032 14.885 11.464 157.94
0.012534 15.977 11.503 158.86
0.013034 17.061 11.541 159.73
0.013536 18.176 11.586 160.91
0.014038 19.187 11.607 161.27
0.014542 20.235 11.637 161.99
0.015046 21.283 11.667 162.75
0.015547 22.341 11.697 163.49
0.016051 23.473 11.738 164.57
0.016552 24.594 11.778 165.61
0.017056 25.683 11.815 166.6
0.017556 26.715 11.849 167.49
0.018058 27.756 11.884 168.45
0.018561 28.749 11.909 169.05
0.019064 29.748 11.943 170.01
0.019565 30.661 11.965 170.57
0.020066 31.601 11.991 171.24
0.020566 32.56 12.023 172.16
0.021067 33.42 12.043 172.72
0.021569 34.3 12.067 173.38
0.02207 35.328 12.107 174.58
0.022571 36.39 12.152 175.95
0.023073 37.155 12.172 176.53
0.023575 37.931 12.196 177.19
0.024078 38.69 12.225 178.09
0.024582 39.274 12.236 178.41
0.025084 39.823 12.242 178.52
0.025584 40.523 12.265 179.19
0.026086 41.256 12.293 180.03
0.026588 41.94 12.311 180.59
0.02709 42.688 12.333 181.22
0.027592 43.51 12.364 182.07
0.028095 44.233 12.39 182.89
0.028597 44.888 12.409 183.49
0.029098 45.517 12.426 183.95
0.029599 46.181 12.449 184.64
0.0301 46.865 12.473 185.33
0.030603 47.548 12.498 186.11
0.031105 48.148 12.523 186.88
0.031607 48.616 12.538 187.32
0.032109 49.056 12.552 187.71
0.032611 49.766 12.581 188.53
0.033114 50.309 12.599 189.05
0.033615 50.753 12.615 189.56
0.034116 51.232 12.634 190.13
0.034618 51.657 12.649 190.56
0.035119 52.073 12.66 190.83
0.035619 52.529 12.674 191.22
0.036122 53.043 12.698 192
0.036625 53.511 12.718 192.64
0.037127 53.881 12.729 192.95
0.037628 54.273 12.744 193.36
0.038128 54.604 12.754 193.69
0.03863 54.935 12.769 194.18
0.039132 55.184 12.779 194.48
0.039635 55.319 12.783 194.57
0.040137 55.398 12.784 194.56
0.040639 55.492 12.787 194.65
0.041512 56.152 12.823 195.78
0.042015 56.511 12.837 196.16
0.042516 56.69 12.843 196.28
0.043017 56.932 12.852 196.54
0.043518 57.273 12.867 197.02
0.044018 57.691 12.885 197.64
0.04452 58.138 12.904 198.27
0.045022 58.561 12.922 198.79
0.045526 58.928 12.938 199.25
0.046028 59.254 12.95 199.6
0.04653 59.612 12.963 199.96
0.04703 60.011 12.98 200.45
0.047533 60.422 12.999 201.06
0.048036 60.812 13.021 201.77
0.048539 61.132 13.038 202.36
0.049042 61.644 13.061 203.14
0.049544 61.989 13.079 203.73
0.050045 62.168 13.09 204.04
0.050547 62.353 13.1 204.31
0.051049 62.546 13.11 204.62
0.051554 62.757 13.122 204.94
0.052055 62.921 13.13 205.2
0.052559 63.074 13.141 205.55
0.053062 63.234 13.152 205.96
0.053566 63.402 13.165 206.42
0.054069 63.585 13.179 206.9
0.054572 63.778 13.193 207.39
0.055073 63.982 13.208 207.88
0.055574 64.168 13.221 208.29
0.056514 64.611 13.251 209.19
0.057014 65.109 13.276 209.93
0.057517 65.367 13.291 210.39
0.058018 65.584 13.306 210.84
0.05852 65.832 13.322 211.34
0.059021 66.096 13.339 211.85
0.059525 66.362 13.355 212.36
0.060028 66.588 13.372 212.87
0.060529 66.749 13.386 213.34
0.061519 66.923 13.411 214.15
0.06202 67.016 13.424 214.56
0.062521 67.154 13.439 215.04
0.063023 67.333 13.456 215.61
0.063525 67.545 13.475 216.25
0.064026 67.95 13.501 217.12
0.064529 68.271 13.523 217.83
0.06503 68.403 13.537 218.31
0.065532 68.527 13.552 218.79
0.066 68.637 13.566 219.26
0.066502 68.734 13.581 219.76
0.067004 68.852 13.597 220.29
0.067505 69.027 13.609 220.69
0.068006 69.251 13.623 221.16
0.068507 69.469 13.644 221.83
0.069008 69.611 13.66 222.34
0.069508 69.801 13.677 222.89
0.07001 70.059 13.696 223.55
0.070512 70.35 13.718 224.27
0.071013 70.606 13.739 224.97
0.071513 70.782 13.756 225.53
0.072015 70.995 13.772 226.07
0.072517 71.099 13.784 226.46
0.073017 71.161 13.795 226.84
0.073519 71.279 13.81 227.32
0.074021 71.446 13.826 227.9
0.074525 71.62 13.844 228.48
0.075027 71.767 13.859 229.01
0.07553 71.916 13.874 229.51
0.076033 72.143 13.891 230.08
0.076535 72.228 13.903 230.5
0.077035 72.307 13.916 230.93
0.077538 72.414 13.931 231.42
0.078041 72.537 13.947 231.94
0.078542 72.666 13.962 232.45
0.079043 72.79 13.976 232.95
0.079543 72.987 13.992 233.49
0.080045 73.184 14.009 234.04
0.080547 73.253 14.021 234.47
0.08105 73.314 14.033 234.89
0.081551 73.372 14.045 235.32
0.082052 73.426 14.058 235.79
0.082552 73.46 14.071 236.24
0.083054 73.484 14.082 236.65
0.083556 73.622 14.097 237.19
0.084058 73.643 14.109 237.63
0.084559 73.625 14.121 238.04
0.085061 73.62 14.133 238.5
0.085563 73.638 14.147 238.99
0.086064 73.664 14.16 239.48
0.086564 73.702 14.174 240
0.086699 73.718 14.178 240.15
0.087202 73.872 14.197 240.8
0.087706 73.929 14.211 241.34
0.088208 73.926 14.224 241.79
0.088711 73.928 14.236 242.23
0.089215 73.907 14.247 242.66
0.089715 73.868 14.258 243.06
0.090216 73.82 14.269 243.45
0.090717 73.841 14.282 243.92
0.091217 73.89 14.297 244.45
0.091718 73.858 14.31 244.94
0.092218 73.851 14.323 245.36
0.092719 73.871 14.335 245.74
0.093221 73.927 14.347 246.17
0.093722 74.012 14.362 246.71
0.094223 74.152 14.381 247.41
0.094726 74.396 14.404 248.25
0.095227 74.535 14.426 249.08
0.095727 74.602 14.444 249.74
0.096227 74.65 14.459 250.31
0.096728 74.676 14.474 250.85
0.097228 74.674 14.488 251.37
0.097729 74.671 14.502 251.92
0.098231 74.725 14.518 252.47
0.098733 74.717 14.53 252.87
0.099234 74.598 14.538 253.15
0.099735 74.507 14.548 253.51
0.10024 74.463 14.561 254
0.10074 74.448 14.575 254.52
0.10124 74.439 14.589 255.05
0.1022 74.562 14.624 256.35
0.10271 74.53 14.638 256.88
0.10321 74.465 14.649 257.33
0.10371 74.41 14.661 257.78
0.10421 74.369 14.673 258.21
0.10471 74.358 14.685 258.7
0.10521 74.388 14.699 259.23
0.10571 74.491 14.714 259.75
0.10622 74.602 14.73 260.28
0.10672 74.583 14.742 260.76
0.10722 74.56 14.757 261.32
0.10772 74.554 14.773 261.93
0.10822 74.51 14.785 262.44
0.10872 74.448 14.795 262.81
0.10923 74.443 14.806 263.24
0.10973 74.594 14.825 263.93
0.11023 74.667 14.841 264.54
0.11073 74.661 14.854 265.07
0.11123 74.625 14.866 265.57
0.11173 74.566 14.877 265.98
0.11224 74.489 14.886 266.29
0.11274 74.436 14.897 266.69
0.11324 74.407 14.911 267.22
0.11374 74.492 14.93 267.95
0.11424 74.453 14.945 268.55
0.11474 74.359 14.956 268.96
0.11525 74.31 14.966 269.36
0.11575 74.339 14.982 269.93
0.11625 74.387 14.998 270.56
0.11675 74.445 15.014 271.2
0.11725 74.544 15.033 271.94
0.11775 74.722 15.056 272.79
0.11825 74.716 15.071 273.31
0.11876 74.702 15.087 273.92
0.11926 74.717 15.106 274.68
0.11976 74.696 15.123 275.31
0.12026 74.65 15.136 275.82
0.12076 74.621 15.148 276.27
0.12126 74.67 15.163 276.83
0.12176 74.824 15.182 277.56
0.12227 74.848 15.197 278.16
0.12277 74.839 15.211 278.68
0.12327 74.831 15.223 279.17
0.12377 74.859 15.238 279.77
0.12427 74.908 15.255 280.44
0.12477 74.953 15.271 281.06
0.12527 74.981 15.286 281.63
0.12577 75.038 15.3 282.15
0.12628 74.968 15.31 282.52
0.12721 74.882 15.333 283.42
0.12771 74.851 15.347 283.95
0.12821 74.799 15.359 284.46
0.12871 74.716 15.371 284.92
0.12922 74.594 15.383 285.38
0.12972 74.475 15.395 285.84
0.13022 74.253 15.401 286.09
0.13072 73.932 15.403 286.18
0.13123 73.66 15.407 286.36
0.13173 73.442 15.413 286.61
0.13223 73.27 15.42 286.94
0.13273 73.144 15.43 287.34
0.13323 73.07 15.442 287.83
0.13373 73.05 15.457 288.44
0.13423 73.087 15.474 289.13
0.13473 73.089 15.488 289.7
0.13523 73.067 15.502 290.32
0.13573 73.076 15.519 291.02
0.13624 73.015 15.529 291.45
0.13674 72.933 15.539 291.86
0.13724 72.873 15.551 292.4
0.13774 72.849 15.565 293
0.13825 72.838 15.579 293.56
0.13875 72.862 15.592 294.09
0.13925 72.977 15.609 294.76
0.13975 73.094 15.627 295.46
0.14025 73.192 15.644 296.13
0.14075 73.294 15.66 296.79
0.14125 73.362 15.675 297.38
0.14175 73.393 15.688 297.87
0.14225 73.425 15.702 298.38
0.14275 73.453 15.714 298.87
0.143 73.475 15.72 299.13
0.1435 73.584 15.736 299.76
0.144 73.686 15.751 300.37
0.1445 73.744 15.761 300.77
0.145 73.715 15.764 300.93
0.1455 73.619 15.766 301.03
0.146 73.575 15.771 301.21
0.14651 73.48 15.779 301.55
0.14701 73.237 15.78 301.63
0.14751 72.901 15.776 301.5
0.14801 72.611 15.774 301.41
0.14851 72.455 15.782 301.75
0.14902 72.27 15.792 302.19
0.14952 71.976 15.797 302.38
0.15002 71.706 15.801 302.56
0.15052 71.52 15.809 302.92
0.15102 71.446 15.826 303.67
0.15152 71.371 15.846 304.52
0.15202 71.212 15.862 305.19
0.15252 71.033 15.877 305.88
0.15302 70.896 15.893 306.58
0.15352 70.871 15.914 307.49
0.15402 70.951 15.941 308.62
0.15453 71.116 15.97 309.84
0.15503 71.36 16.001 311.17
0.15553 71.644 16.035 312.57
0.15603 71.936 16.066 313.76
0.15653 72.189 16.091 314.75
0.15703 72.389 16.113 315.62
0.15754 72.481 16.127 316.16
0.15804 72.489 16.136 316.45
0.15854 72.431 16.14 316.58
0.15904 72.316 16.142 316.61
0.15954 72.144 16.14 316.51
0.16004 71.953 16.138 316.39
0.16055 71.76 16.138 316.35
0.16105 71.558 16.14 316.39
0.16155 71.339 16.142 316.45
0.16205 71.047 16.142 316.44
0.16255 70.675 16.139 316.36
0.16305 70.248 16.135 316.18
0.16356 69.825 16.131 316.09
0.16451 68.941 16.123 315.83
0.16501 68.388 16.116 315.63
0.16551 67.862 16.112 315.52
0.16601 67.402 16.112 315.66
0.16651 66.992 16.115 315.89
0.16701 66.713 16.127 316.56
0.16752 66.601 16.151 317.68
0.16802 66.672 16.186 319.27
0.16852 66.875 16.226 321.03
0.16902 67.141 16.266 322.74
0.16952 67.423 16.303 324.33
0.17002 67.728 16.337 325.73
0.17052 68.117 16.37 327.04
0.17102 68.656 16.405 328.35
0.17153 69.39 16.444 329.8
0.17203 70.277 16.486 331.34
0.17253 71.173 16.522 332.66
0.17303 71.891 16.543 333.42
0.17353 72.341 16.549 333.59
0.17403 72.544 16.543 333.25
0.17454 72.507 16.526 332.51
0.17504 72.133 16.495 331.23
0.17554 71.31 16.444 329.11
0.17604 70.139 16.379 326.45
0.17654 68.718 16.306 323.54
0.17704 67.134 16.232 320.6
0.17754 65.427 16.155 317.59
0.17804 63.659 16.078 314.58
0.17855 61.996 16.007 311.81
0.17905 60.577 15.95 309.63
0.17955 59.449 15.907 308.04
0.18005 58.78 15.888 307.38
0.18055 58.762 15.905 308.25
0.18105 59.501 15.971 311.19
0.18155 60.975 16.091 316.33
0.18252 64.776 16.402 329.56
0.18302 65.972 16.501 333.74
0.18352 66.409 16.536 335.05
0.18402 67.004 16.559 335.76
0.18452 68.48 16.619 337.86
0.18552 72.82 16.781 343.9
0.18602 74.247 16.816 345.12
0.18652 74.666 16.801 344.31
0.18702 74.296 16.751 342.07
0.18752 73.309 16.682 339.07
0.18802 71.629 16.59 335.26
0.18852 69.285 16.474 330.49
0.18902 66.618 16.346 325.27
0.18952 64.021 16.228 320.54
0.19003 61.673 16.129 316.63
0.19053 59.63 16.046 313.42
0.19103 57.896 15.977 310.72
0.19153 56.612 15.931 308.91
0.19203 55.642 15.899 307.69
0.19253 55.087 15.886 307.27
0.19303 55.125 15.907 308.33
0.19353 55.868 15.975 311.38
0.19403 57.504 16.107 317.14
0.19453 59.642 16.278 324.59
0.19503 61.492 16.427 331.11
0.19553 63.258 16.569 337.2
0.19603 65.219 16.692 342.24
0.19653 66.502 16.755 344.53
0.19703 67.648 16.804 346.27
0.19753 69.232 16.838 347.1
0.19803 70.642 16.866 347.84
0.19853 71.721 16.878 348.01
0.19952 73.369 16.9 348.43
0.20002 73.036 16.855 346.37
0.20052 71.919 16.786 343.44
0.20102 69.849 16.689 339.41
0.20152 67.405 16.581 335.03
0.20202 64.974 16.481 331.04
0.20252 62.559 16.388 327.38
0.20302 60.096 16.287 323.42
0.20352 57.58 16.166 318.62
0.20402 55.755 16.087 315.58
0.20452 55.03 16.062 314.61
0.20503 55.016 16.07 314.92
0.20553 55.673 16.113 316.7
0.20603 57.099 16.199 320.32
0.20653 59.043 16.324 325.75
0.20703 61.127 16.482 332.82
0.20753 62.45 16.604 338.42
0.20803 63.718 16.724 343.77
0.20853 66.489 16.889 350.5
0.20903 68.609 16.979 353.94
0.20953 69.854 17.05 356.72
0.21003 70.963 17.078 357.46
0.21053 70.777 17.045 355.82
0.21152 70.979 16.995 353.14
0.21202 70.505 16.944 350.82
0.21252 70.494 16.916 349.39
0.21302 70.584 16.916 349.28
0.21353 70.119 16.889 348.11
0.21403 69.156 16.834 345.79
0.21453 67.783 16.772 343.32
0.21503 66.173 16.707 340.8
0.21553 64.866 16.658 338.89
0.21603 63.299 16.596 336.48
0.21653 61.541 16.523 333.58
0.21703 60.208 16.481 331.97
0.21753 59.578 16.466 331.36
0.21803 60.438 16.532 334.12
0.21853 61.484 16.629 338.35
0.21903 61.668 16.659 339.76
0.21953 62.026 16.709 342.15
0.22003 63.441 16.815 346.81
0.22053 66.053 17.001 354.95
0.22103 68.789 17.185 362.9
0.22153 71.055 17.33 369.09
0.22203 72.27 17.4 371.98
0.22253 72.25 17.385 370.98
0.22303 71.907 17.26 364.76
0.22353 71.585 17.193 361.58
0.2245 70.164 17.083 356.72
0.225 68.377 16.96 351.4
0.2255 67.484 16.898 348.72
0.226 67.18 16.898 348.8
0.2265 66.425 16.876 347.88
0.227 65.15 16.815 345.28
0.2275 63.679 16.753 342.73
0.228 61.884 16.683 339.92
0.22851 60.186 16.612 337.13
0.229 58.725 16.551 334.75
0.2295 57.836 16.515 333.39
0.23001 57.933 16.543 334.7
0.23051 58.709 16.605 337.38
0.23101 60.103 16.72 342.5
0.23151 61.532 16.859 348.79
0.23201 62.423 16.96 353.41
0.23251 63.43 17.047 357.38
0.23283 64.549 17.126 360.82
0.23333 66.36 17.245 366.01
0.23383 67.12 17.291 367.98
0.23433 69.053 17.352 370.06
0.23533 72.273 17.456 373.82
0.23583 72.118 17.424 372.13
0.23633 70.758 17.314 367.01
0.23683 69.905 17.234 363.32
0.23733 69.114 17.192 361.47
0.23783 67.822 17.125 358.57
0.23833 66.361 17.044 355.16
0.23883 64.958 16.965 351.81
0.23933 63.655 16.902 349.26
0.23983 62.289 16.838 346.7
0.24033 61.125 16.775 344.19
0.24084 60.278 16.726 342.27
0.24134 59.199 16.662 339.71
0.24184 58.22 16.606 337.52
0.24234 57.636 16.579 336.6
0.24284 57.224 16.561 336.13
0.24334 56.881 16.547 335.81
0.24346 56.889 16.549 335.98
0.24396 57.682 16.611 338.81
0.24446 60.046 16.773 345.89
0.24496 63.336 17.008 356.33
0.24546 65.54 17.174 363.9
0.24596 66.631 17.229 366.15
0.24646 67.711 17.271 367.74
0.24696 69.468 17.338 370.33
0.24746 70.594 17.37 371.5
0.24796 70.696 17.341 369.91
0.24846 69.721 17.275 366.91
0.24897 68.577 17.192 363.09
0.24947 67.912 17.156 361.44
0.24997 66.858 17.098 358.82
0.25047 65.883 17.049 356.66
0.25097 64.42 16.97 353.26
0.25147 62.773 16.888 349.82
0.25197 60.772 16.791 345.93
0.25247 58.398 16.674 341.21
0.25274 57.411 16.63 339.49
0.25324 56.233 16.601 338.54
0.25374 55.68 16.594 338.28
0.25424 55.986 16.632 339.87
0.25474 56.558 16.669 341.39
0.25524 56.411 16.655 340.84
0.25574 55.385 16.599 338.67
0.25624 54.717 16.587 338.56
0.25674 53.912 16.6 339.8
0.25724 52.866 16.569 338.81
0.25774 52.729 16.576 339.15
0.25824 54.112 16.673 343.07
0.25874 55.324 16.744 345.9
0.25924 55.229 16.706 344.15
0.25974 55.295 16.687 343.31
0.26024 56.083 16.747 345.91
0.26124 57.065 16.837 349.92
0.26174 57.237 16.863 351.11
0.26224 56.936 16.858 350.87
0.26274 56.41 16.846 350.37
0.26324 56.331 16.853 350.58
0.26374 56.634 16.9 352.63
0.26424 55.968 16.875 351.5
0.26474 54.86 16.816 348.95
0.26524 53.389 16.722 344.91
0.26575 52.328 16.653 341.92
0.26625 51.866 16.623 340.59
0.26675 51.783 16.61 339.9
0.26725 51.807 16.615 340.02
0.26775 51.24 16.568 337.98
0.26825 50.59 16.511 335.48
0.26875 49.72 16.457 333.22
0.26925 48.565 16.387 330.35
0.26975 48.066 16.377 329.94
0.27025 47.619 16.37 329.72
0.27124 47.203 16.363 329.41
0.27174 47.491 16.384 330.27
0.27224 47.718 16.39 330.46
0.27274 48.556 16.44 332.56
0.27324 49.512 16.505 335.38
0.27374 49.637 16.5 335.28
0.27424 49.982 16.532 336.84
0.27474 50.455 16.584 339.3
0.27524 50.246 16.59 339.88
0.27574 50.304 16.608 340.87
0.27625 50.857 16.675 343.94
0.27724 50.12 16.631 342.35
0.27775 49.925 16.602 341.1
0.27825 50.079 16.614 341.63
0.27875 51.264 16.722 346.26
0.27925 51.615 16.744 347.14
0.27975 51.949 16.771 348.2
0.28025 51.782 16.769 348
0.28075 52.162 16.803 349.37
0.28125 52.588 16.841 350.83
0.28175 52.535 16.846 350.95
0.28225 51.872 16.797 348.79
0.28325 51.958 16.862 351.63
0.28375 51.01 16.794 348.63
0.28425 50.343 16.74 346.16
0.28475 50.19 16.728 345.57
0.28525 50.581 16.75 346.4
0.28575 50.569 16.736 345.69
0.28625 50.66 16.728 345.25
0.28675 51.029 16.754 346.35
0.28725 51.391 16.801 348.38
0.28775 51.009 16.789 347.91
0.28825 50.666 16.778 347.38
0.28875 50.405 16.781 347.52
0.28925 50.471 16.802 348.32
0.28975 50.526 16.817 348.97
0.29025 50.189 16.796 348.11
0.29125 49.461 16.76 346.82
0.29175 48.81 16.718 345.1
0.29225 48.35 16.683 343.64
0.29275 48.111 16.665 342.87
0.29325 48.074 16.662 342.7
0.29375 48.763 16.714 344.8
0.29425 49.786 16.794 348.07
0.29475 50.173 16.823 349.29
0.29525 50.017 16.803 348.42
0.29575 48.634 16.684 343.43
0.29625 47.474 16.589 339.5
0.29675 47.555 16.615 340.67
0.29725 48.488 16.714 344.88
0.29775 48.745 16.752 346.6
0.29825 48.657 16.739 346
0.29875 48.824 16.746 346.23
0.29925 49.652 16.811 348.98
0.29975 50.319 16.849 350.6
0.30025 50.73 16.871 351.65
0.30125 51.162 16.887 352.66
0.30175 51.483 16.916 354.05
0.30225 50.832 16.865 351.99
0.30275 50.876 16.871 352.26
0.30325 50.464 16.839 350.94
0.30375 50.69 16.847 351.15
0.30425 51.732 16.922 354.31
0.30525 52.237 16.944 355.19
0.30575 51.561 16.885 352.69
0.30625 51.964 16.921 354.3
0.30675 52.239 16.948 355.57
0.30725 51.736 16.905 353.73
0.30775 51.632 16.89 353.07
0.30825 52.023 16.919 354.34
0.30875 52.606 16.961 356.15
0.30925 52.731 16.964 356.28
0.30975 52.766 16.969 356.62
0.31025 52.51 16.95 355.94
0.31075 51.903 16.902 353.96
0.31125 52.053 16.925 355.03
0.31176 52.574 16.979 357.37
0.31226 52.379 16.975 357.26
0.31276 51.777 16.933 355.53
0.31326 52.685 17.026 359.58
0.31376 53.22 17.082 361.99
0.31426 53.338 17.096 362.55
0.31525 53.014 17.087 362.11
0.31575 52.302 17.034 359.68
0.31625 51.807 17.004 358.31
0.31675 51.5 16.991 357.72
0.31725 51.446 17 358.13
0.31775 51.314 16.993 357.86
0.31825 51.5 16.991 357.72
0.31925 51.475 17.009 358.11
0.31975 51.527 17.022 358.7
0.32025 51.787 17.055 360.19
0.32075 51.506 17.009 358.21
0.32125 52.011 17.125 363.36
0.32175 51.085 17.072 361.12
0.32225 52.113 17.103 362.29
0.32275 51.005 17.12 363.39
0.32325 51.147 17.138 364.21
0.32376 50.615 17.087 361.99
0.32426 50.641 17.058 360.56
0.32476 50.857 17.08 361.7
0.32526 51.629 17.139 364.26
0.32576 51.593 17.126 363.62
0.32626 50.652 17.075 361.49
0.32676 52.294 17.2 366.89
0.32726 51.942 17.183 366.18
0.32776 51.405 17.156 365.13
0.32826 51.194 17.147 364.79
0.3285 52.068 17.169 365.49
0.329 50.892 17.161 365.62
0.3295 50.531 17.136 364.45
0.33 51.164 17.164 365.68
0.331 51.433 17.211 367.45
0.3315 51.433 17.21 367.41
0.332 51.167 17.191 366.7
0.3325 51.947 17.274 370.19
0.333 51.906 17.261 369.61
0.3335 51.947 17.274 370.19
0.3345 50.443 17.22 368.05
0.335 49.34 17.144 364.68
0.3355 51.305 17.255 369.43
0.336 50.963 17.248 369.23
0.3365 49.872 17.232 368.51
0.337 50.172 17.254 369.45
0.33751 48.999 17.137 364.34
0.33801 49.38 17.179 366.14
0.33801 49.38 17.179 366.14
