0.01 332.93 12.504 184.17
0.010502 319.55 12.412 181.7
0.011005 306.39 12.306 178.81
0.01151 292.64 12.19 175.5
0.012013 279.76 12.081 172.53
0.012515 267.29 11.974 169.5
0.013021 257.59 11.898 167.5
0.013521 248.67 11.819 165.31
0.014023 239.77 11.74 163.27
0.014525 230.82 11.66 161.12
0.015 224.66 11.613 160.13
0.015503 215.83 11.519 157.52
0.016006 208.5 11.451 155.96
0.016508 201.29 11.368 153.61
0.017012 195.45 11.321 152.68
0.017514 189.13 11.238 150.23
0.018015 182.44 11.165 148.53
0.018516 177.57 11.106 146.98
0.019018 171.79 11.034 145.02
0.019524 167.42 10.986 144.01
0.020005 164.01 10.938 142.64
0.020506 160.13 10.879 141.03
0.021008 157.09 10.839 140.22
0.021511 154.2 10.801 139.29
0.022012 150.12 10.74 137.58
0.022513 146.74 10.69 136.28
0.023019 144.12 10.657 135.57
0.023521 142.34 10.638 135.15
0.024026 139.23 10.587 133.84
0.024527 136.78 10.541 132.66
0.025005 135.69 10.534 132.6
0.025507 134.53 10.523 132.3
0.026008 132.57 10.495 131.57
0.026511 129.27 10.432 129.94
0.027022 127.13 10.397 129.11
0.027523 125.66 10.382 128.8
0.028028 124.19 10.373 128.77
0.028534 122.38 10.342 128.11
0.029038 121.02 10.312 127.38
0.029539 119.51 10.283 126.71
0.030007 118.62 10.273 126.47
0.030508 117.63 10.265 126.27
0.031008 115.1 10.216 125.03
0.03151 113.24 10.183 124.27
0.03201 112.18 10.164 123.85
0.032512 111.25 10.15 123.49
0.033013 109.89 10.126 122.91
0.033516 109.02 10.11 122.55
0.034017 108.32 10.102 122.42
0.034521 107.42 10.09 122.19
0.035007 106.78 10.081 121.99
0.035509 106.36 10.08 121.97
0.036011 105.35 10.067 121.69
0.036513 104.1 10.047 121.23
0.037017 103.1 10.034 121.01
0.037518 102.3 10.026 120.93
0.038022 102.12 10.028 120.98
0.038525 102.26 10.037 121.21
0.039029 102.23 10.046 121.46
0.039529 101.34 10.036 121.23
0.040007 100.48 10.023 120.94
0.040511 99.898 10.018 120.88
0.041015 99.443 10.02 121.06
0.041518 99.251 10.026 121.27
0.042019 99.188 10.032 121.37
0.042519 99.069 10.039 121.54
0.043024 98.454 10.033 121.36
0.043525 97.851 10.028 121.29
0.044028 97.61 10.034 121.51
0.044531 97.478 10.047 121.97
0.045011 97.293 10.055 122.26
0.045512 97.084 10.059 122.38
0.046014 96.88 10.064 122.49
0.046516 96.35 10.057 122.23
0.04702 95.631 10.051 122.13
0.047521 95.236 10.058 122.39
0.048022 94.945 10.069 122.75
0.048524 94.689 10.078 123.02
0.049028 94.506 10.088 123.32
0.049532 94.387 10.095 123.43
0.050014 94.001 10.091 123.2
0.050517 93.472 10.093 123.31
0.05102 93.206 10.103 123.64
0.051525 93.236 10.119 124.09
0.052027 93.407 10.139 124.66
0.052531 93.557 10.159 125.26
0.053032 93.647 10.177 125.76
0.053532 93.713 10.194 126.21
0.054034 93.823 10.212 126.72
0.054538 94.069 10.231 127.19
0.055016 94.423 10.253 127.71
0.055521 94.715 10.278 128.33
0.056022 94.733 10.288 128.48
0.056526 94.526 10.29 128.46
0.057029 94.492 10.301 128.74
0.057532 94.575 10.317 129.18
0.058032 94.664 10.337 129.75
0.058535 94.829 10.356 130.31
0.059036 95.079 10.375 130.83
0.059536 95.337 10.394 131.35
0.06002 95.549 10.413 131.87
0.060523 95.753 10.432 132.39
0.061026 95.98 10.452 132.95
0.061531 96.204 10.471 133.49
0.062038 96.447 10.49 133.95
0.062539 96.7 10.51 134.5
0.06304 97.093 10.535 135.17
0.063547 97.535 10.56 135.86
0.064053 97.976 10.585 136.5
0.064556 98.421 10.608 137.11
0.065022 98.843 10.632 137.73
0.065522 99.219 10.656 138.36
0.066026 99.539 10.677 138.93
0.066534 99.846 10.7 139.54
0.067035 100.1 10.721 140.14
0.067538 100.33 10.743 140.76
0.068039 100.58 10.766 141.39
0.068542 100.83 10.79 142.06
0.069042 101 10.809 142.55
0.069546 101.1 10.827 143.01
0.069998 101.26 10.846 143.51
0.070002 101.26 10.846 143.52
0.070504 101.45 10.865 144.04
0.071033 101.62 10.882 144.47
0.071538 101.36 10.858 143.76
0.072042 101.39 10.852 143.56
0.072544 101.54 10.88 144.26
0.073049 101.51 10.907 144.84
0.073567 101.54 10.923 145.3
0.074069 101.66 10.939 145.77
0.074585 101.89 10.957 146.35
0.075015 102.09 10.975 146.91
0.075522 102.23 10.998 147.54
0.076023 102.28 11.015 148.03
0.076524 102.27 11.033 148.49
0.077026 102.15 11.052 148.99
0.07753 101.95 11.071 149.43
0.078034 101.74 11.087 149.86
0.078541 101.6 11.103 150.3
0.079044 101.57 11.12 150.78
0.079555 101.66 11.141 151.36
0.080043 101.79 11.158 151.93
0.080555 101.97 11.176 152.55
0.081058 102.15 11.197 153.2
0.081575 102.36 11.226 153.94
0.082089 102.56 11.256 154.7
0.082594 102.82 11.281 155.42
0.083105 103.12 11.312 156.24
0.083614 103.46 11.341 157.04
0.084131 103.78 11.371 157.86
0.084635 104.03 11.399 158.64
0.085064 104.15 11.42 159.22
0.085583 104.21 11.436 159.8
0.086086 104.13 11.461 160.41
0.086587 103.99 11.474 160.87
0.08709 103.8 11.502 161.5
0.087593 103.62 11.525 162.08
0.088095 103.49 11.54 162.57
0.088606 103.38 11.553 163.07
0.089117 103.27 11.567 163.59
0.089623 103.16 11.59 164.22
0.090069 103.08 11.611 164.82
0.090575 103.02 11.635 165.47
0.091087 102.99 11.658 166.14
0.091599 102.95 11.681 166.79
0.092101 102.94 11.697 167.34
0.092604 102.95 11.716 167.93
0.093111 102.93 11.739 168.58
0.093613 103.04 11.768 169.47
0.094133 103.16 11.794 170.34
0.094655 103.23 11.807 170.92
0.095082 103.34 11.825 171.5
0.095591 103.51 11.852 172.28
0.09611 103.76 11.883 173.15
0.096612 104.07 11.916 174.05
0.097116 104.41 11.948 174.97
0.097634 104.77 11.985 176.04
0.098137 105.18 12.028 177.37
0.098641 105.51 12.06 178.55
0.099141 105.65 12.087 179.49
0.099643 105.63 12.115 180.33
0.10009 105.51 12.131 180.85
0.10059 105.3 12.139 181.32
0.1011 105.03 12.164 181.98
0.10161 104.68 12.182 182.47
0.10211 104.33 12.197 182.86
0.10261 104.02 12.207 183.24
0.10312 103.78 12.225 183.74
0.10362 103.64 12.241 184.33
0.10413 103.53 12.268 185.03
0.10465 103.53 12.289 185.65
0.1051 103.63 12.304 186.2
0.1056 103.79 12.326 186.83
0.10611 103.94 12.351 187.44
0.10662 104.12 12.375 188.09
0.10714 104.5 12.406 189.27
0.10764 104.79 12.436 190.2
0.10815 105.06 12.464 190.94
0.10866 105.39 12.492 191.78
0.10917 105.85 12.531 193.17
0.10968 106.26 12.566 194.33
0.11 106.48 12.584 194.84
0.11 106.49 12.584 194.85
0.11051 106.87 12.616 195.71
0.11101 107.4 12.655 197.11
0.11152 107.74 12.687 198.22
0.11203 107.94 12.71 198.9
0.11255 108.09 12.736 199.65
0.11306 108.38 12.771 200.94
0.11356 108.64 12.809 202.21
0.11407 108.67 12.828 202.85
0.11458 108.61 12.844 203.31
0.115 108.54 12.858 203.67
0.1155 108.51 12.875 204.32
0.11601 108.55 12.905 205.46
0.11651 108.59 12.935 206.55
0.11702 108.55 12.961 207.31
0.11752 108.53 12.982 207.84
0.11803 108.5 12.996 208.28
0.11854 108.43 13.011 208.68
0.11904 108.51 13.034 209.58
0.11954 108.78 13.067 210.87
0.12 108.89 13.086 211.54
0.12051 108.95 13.106 212.05
0.12101 108.97 13.125 212.58
0.12152 109.18 13.158 213.82
0.12202 109.49 13.193 215.16
0.12253 109.66 13.222 215.93
0.12303 109.8 13.246 216.58
0.12353 109.93 13.275 217.62
0.12403 110.08 13.304 218.83
0.12453 110.11 13.331 219.61
0.12501 110.12 13.34 219.97
0.12552 110.2 13.368 220.9
0.12602 110.32 13.403 222.39
0.12653 110.24 13.411 222.91
0.12704 110.18 13.44 223.51
0.12754 110.22 13.469 224.35
0.12804 110.38 13.493 225.4
0.12854 110.32 13.506 225.83
0.12905 110.21 13.53 226.38
0.12956 110.43 13.555 227.4
0.13001 110.58 13.567 228.01
0.13051 110.64 13.596 228.85
0.13101 111.05 13.636 230.55
0.13152 111.37 13.672 231.9
0.13202 111.48 13.685 232.29
0.13252 111.62 13.715 233.21
0.13303 111.81 13.752 234.65
0.13353 111.97 13.781 235.9
0.13404 112.01 13.804 236.72
0.13455 111.95 13.816 237.11
0.13502 111.82 13.823 237.3
0.13552 111.68 13.834 237.58
0.13602 111.63 13.85 238.1
0.13653 111.61 13.867 238.65
0.13703 111.59 13.883 239.28
0.13753 111.57 13.903 240.06
0.13804 111.41 13.912 240.29
0.13854 111.17 13.917 240.4
0.13904 110.99 13.93 241.02
0.13955 110.96 13.953 242.08
0.14002 110.88 13.966 242.48
0.14052 110.9 13.986 243.17
0.14102 111.05 14.018 244.38
0.14153 111.21 14.049 245.59
0.14203 111.35 14.08 246.81
0.14253 111.49 14.106 247.79
0.14304 111.53 14.131 248.64
0.14354 111.46 14.151 249.39
0.14404 111.47 14.175 250.4
0.14455 111.42 14.198 251.32
0.14502 111.42 14.221 252.08
0.14553 111.44 14.238 252.72
0.14603 111.42 14.263 253.52
0.14653 111.6 14.291 254.7
0.14703 111.78 14.321 255.75
0.14754 111.85 14.343 256.51
0.14804 111.82 14.357 257.03
0.14854 111.72 14.37 257.46
0.14905 111.5 14.378 257.75
0.14955 111.16 14.386 258.07
0.15003 110.87 14.392 258.43
0.15053 110.56 14.396 258.7
0.15103 110.32 14.404 258.89
0.15154 110.24 14.417 259.33
0.15204 110.26 14.44 260.17
0.15254 110.39 14.465 261.17
0.15304 110.63 14.496 262.41
0.15355 110.69 14.52 263.36
0.15405 110.74 14.547 264.48
0.15455 110.74 14.572 265.54
0.15503 110.67 14.59 266.44
0.15553 110.72 14.619 267.51
0.15603 110.94 14.651 268.82
0.15654 111.39 14.692 270.42
0.15704 112.02 14.736 272.18
0.15754 112.52 14.772 273.58
0.15805 112.91 14.801 274.75
0.15855 113.17 14.827 275.65
0.15905 113.33 14.844 276.12
0.15955 113.31 14.854 276.34
0.16003 113.14 14.859 276.42
0.16054 112.81 14.859 276.23
0.16104 112.21 14.842 275.51
0.16154 111.5 14.824 274.8
0.16204 110.8 14.809 274.24
0.16254 110.23 14.803 274.05
0.16304 109.72 14.805 274.2
0.16354 109.45 14.818 274.82
0.16404 109.36 14.841 275.9
0.16455 109.48 14.875 277.45
0.16503 109.81 14.918 279.4
0.16554 110.37 14.974 281.82
0.16604 111.23 15.039 284.65
0.16654 112.21 15.1 287.14
0.16704 113.24 15.159 289.56
0.16754 114.16 15.207 291.47
0.16805 114.96 15.242 292.62
0.16855 115.45 15.258 292.99
0.16905 115.42 15.252 292.46
0.16955 114.9 15.226 291.19
0.17003 113.97 15.189 289.45
0.17054 112.56 15.138 287.2
0.17104 110.99 15.083 284.91
0.17154 109.47 15.034 282.91
0.17204 108.21 14.995 281.36
0.17254 107.25 14.97 280.56
0.17304 106.88 14.98 281.26
0.17354 107.21 15.029 283.41
0.17404 108.16 15.105 286.68
0.17454 109.61 15.205 291.07
0.17503 111.34 15.316 296.05
0.17554 112.96 15.42 300.7
0.17604 114.5 15.507 304.2
0.17654 115.78 15.566 306.29
0.17704 116.38 15.588 306.78
0.17754 115.98 15.569 305.55
0.1777 115.66 15.554 304.81
0.1777 115.58 15.554 304.79
0.1782 114.19 15.49 301.82
0.1787 112.41 15.41 298.33
0.1792 110.62 15.328 294.83
0.1797 109.08 15.251 291.63
0.1802 107.78 15.192 289.12
0.1807 107.35 15.173 288.3
0.1812 107.38 15.18 288.58
0.1817 107.5 15.206 289.71
0.18221 107.72 15.255 292.02
0.1827 108 15.314 294.89
0.1832 108.48 15.39 298.65
0.1837 109.04 15.474 302.7
0.1842 109.78 15.555 306.39
0.1847 110.9 15.636 309.66
0.1852 112.6 15.726 312.99
0.1857 114.16 15.789 315.09
0.1862 114.9 15.803 315.28
0.1867 114.79 15.777 314.01
0.1872 114.26 15.729 311.89
0.1877 113.58 15.663 308.76
0.1882 112.81 15.583 304.85
0.1887 112.01 15.51 301.26
0.1892 111.07 15.448 298.27
0.1897 109.66 15.386 295.47
0.1902 107.6 15.322 292.9
0.1907 104.83 15.255 290.58
0.1912 101.97 15.205 289.37
0.1917 99.99 15.2 290.37
0.1922 100.3 15.29 294.88
0.1927 103.76 15.488 302.7
0.1932 109.56 15.764 313.51
0.1937 115.41 16.047 325.71
0.1942 119.75 16.256 336.06
0.1947 120.94 16.261 335.79
0.1952 119.22 16.084 326.15
0.1957 116.27 15.862 315.07
0.1962 112.68 15.646 305.15
0.1967 107.9 15.413 295.36
0.1972 102.17 15.168 285.66
0.1977 97.002 14.966 278.04
0.1982 93.249 14.834 273.25
0.1987 91.27 14.78 271.59
0.1992 91.582 14.827 273.77
0.19945 93.035 14.913 277.31
0.19945 93.039 14.913 277.32
0.19995 98.371 15.218 289.79
0.20046 105.31 15.634 307.71
0.20096 111.58 16.01 324.93
0.20146 116.57 16.237 334.53
0.20196 119.64 16.312 336.23
0.20246 119.82 16.259 332.47
0.20296 117.01 16.095 324.79
0.20346 111.89 15.848 314.4
0.20396 105.9 15.569 302.91
0.20445 101.47 15.347 293.76
0.20495 99.66 15.227 288.53
0.20545 99.581 15.177 286.11
0.20595 100.81 15.197 286.54
0.20646 103.82 15.329 291.68
0.20696 107.14 15.512 299.21
0.20746 108.23 15.639 305.15
0.20796 107.3 15.712 309.72
0.20846 106.09 15.766 313.07
0.20896 105.37 15.822 315.78
0.20945 106.27 15.92 320.09
0.20995 109.05 16.023 323.44
0.21045 113.41 16.169 328.06
0.21095 116.92 16.321 334.54
0.21146 116.52 16.303 335.41
0.21196 113.05 16.106 327.21
0.21246 109.1 15.856 315.34
0.21296 107.11 15.682 306.64
0.21346 106.57 15.594 302.16
0.21396 105.65 15.525 298.87
0.21445 104.36 15.482 296.95
0.21495 102.29 15.432 294.9
0.21546 98.803 15.344 291.86
0.21596 95.121 15.286 290.93
0.21646 93.52 15.335 294.68
0.21696 95.304 15.492 301.42
0.21746 100.65 15.753 311.51
0.21796 108.44 16.082 324.51
0.21846 116.13 16.388 337.01
0.21896 120.41 16.548 343.72
0.21945 118.83 16.46 340.1
0.21995 112.39 16.142 326.54
0.22045 106.29 15.816 312.34
0.22096 102.23 15.572 301.45
0.22146 99.368 15.409 294.34
0.22196 97.208 15.301 289.77
0.22246 95.411 15.228 287.15
0.22296 93.627 15.177 285.55
0.22346 93.573 15.216 287.37
0.22396 95.913 15.377 294.23
0.22445 100.41 15.668 307.07
0.22495 107.51 16.107 326.59
0.22546 115.16 16.499 343.62
0.22596 120.61 16.706 351.97
0.22646 122.67 16.7 349.89
0.22696 121.75 16.579 343.36
0.22705 121.13 16.542 341.66
0.22705 121.13 16.542 341.65
0.22755 114.95 16.241 328.89
0.22805 105.97 15.817 311.55
0.22855 98.995 15.471 297.26
0.22905 95.969 15.311 290.32
0.22955 94.274 15.224 286.6
0.23005 92.72 15.155 283.74
0.23055 91.949 15.134 283.07
0.23105 91.68 15.15 284.17
0.23155 92.754 15.24 288.09
0.23205 96.835 15.517 299.8
0.23255 101.17 15.854 315.41
0.23305 105.9 16.184 332.29
0.23355 112.42 16.431 341.14
0.23405 120.35 16.688 349.38
0.23455 125.66 16.839 354.53
0.23505 125.17 16.765 350.7
0.23555 120.49 16.53 340.42
0.23605 114.27 16.203 326.36
0.23655 106.96 15.827 310.6
0.23705 100.06 15.489 296.45
0.23755 95.329 15.269 287.38
0.23805 91.369 15.114 281.31
0.23855 88.323 15.033 278.33
0.23905 86.345 15.023 278.21
0.23955 85.338 15.046 279.58
0.24005 85.551 15.139 284.15
0.24055 88.303 15.406 296.99
0.24105 93.234 15.726 311.61
0.24155 102.29 16.123 327.38
0.24205 112.47 16.501 341.45
0.24255 120.16 16.784 352.72
0.24305 122.06 16.813 353.91
0.24355 119.56 16.636 345.84
0.24405 115.03 16.367 333.5
0.24455 109.13 16.038 319.04
0.24505 102.9 15.712 305.2
0.24555 98.226 15.476 295.33
0.24605 95.49 15.355 290.37
0.24655 93.509 15.298 288.17
0.24705 91.766 15.266 286.96
0.24755 89.719 15.235 286.09
0.24805 87.056 15.171 284.13
0.24855 86.001 15.187 285.88
0.24905 89.12 15.427 296.53
0.24955 96.81 15.87 314.74
0.25005 104.67 16.269 331.47
0.25055 110.7 16.546 343.69
0.25105 114.04 16.631 347.06
0.25155 114.95 16.577 343.71
0.25205 114.34 16.45 336.94
0.25255 111.84 16.242 327.34
0.25305 105.85 15.897 312.77
0.25355 99.612 15.578 299.63
0.25405 95.575 15.392 292.12
0.25455 94.036 15.338 289.74
0.25505 94 15.372 290.77
0.25555 92.815 15.359 290.36
0.25605 88.962 15.216 285.18
0.25655 86.211 15.14 282.93
0.25705 85.837 15.179 285.15
0.25755 90.064 15.413 294.77
0.25805 100.85 15.932 315.84
0.25855 114.92 16.615 344.85
0.25905 124.23 17.068 365.12
0.25955 127.27 17.2 371.35
0.26005 124.61 17.02 362.99
0.26055 119.26 16.73 349.1
0.26105 113.98 16.441 335.67
0.26155 107.88 16.098 320.63
0.26205 101.76 15.771 306.71
0.26255 97.468 15.553 297.71
0.26305 94.321 15.422 292.53
0.26355 91.762 15.333 288.93
0.26405 89.281 15.25 285.83
0.26455 86.86 15.173 283.17
0.26505 85.988 15.187 283.9
0.26555 86.555 15.282 287.8
0.26605 86.88 15.353 290.75
0.26655 85.995 15.313 289.3
0.26705 85.652 15.277 288.43
0.26755 90.397 15.532 299.44
0.26805 100.26 15.973 317.32
0.26855 112.35 16.415 334.6
0.26905 123.54 16.847 352.16
0.26955 127.58 17.042 361.22
0.27005 127.87 17.048 362.21
0.27055 125.84 16.897 355.06
0.27105 120.5 16.618 342.04
0.27155 113.38 16.298 328.19
0.27205 106.96 16.017 316.41
0.27255 103.12 15.867 309.84
0.27305 100.75 15.79 306.53
0.27355 97.249 15.672 301.87
0.27405 93.933 15.574 297.97
0.27455 89.971 15.434 292.9
0.27505 84.504 15.219 285.01
0.27555 81.805 15.169 283.61
0.27605 82.218 15.287 288.57
0.27655 83.49 15.406 293.55
0.27705 86.333 15.544 299.25
0.27755 92.387 15.828 310.58
0.27805 101.93 16.249 327.74
0.27855 110.86 16.581 341.73
0.27905 117.24 16.808 351.26
0.27955 120.8 16.934 356.25
0.28005 120.89 16.901 354.32
0.28055 118.67 16.769 348.32
0.28106 114.99 16.57 339.72
0.28156 110.47 16.354 330.51
0.28205 103.83 16.048 317.83
0.28255 99.045 15.822 308.41
0.28305 96.239 15.708 303.65
0.28355 93.925 15.637 300.88
0.28405 91.252 15.564 298.16
0.28455 88.939 15.526 296.82
0.28505 87.213 15.527 297.16
0.28555 85.89 15.528 297.53
0.28605 85.801 15.552 298.79
0.28655 87.482 15.612 301.31
0.28705 92.087 15.808 309.05
0.28755 100.64 16.239 326.8
0.28805 109.43 16.691 347.4
0.28855 115.53 16.99 363.32
0.28905 120.48 17.12 369.04
0.28955 121.68 17.05 363.31
0.29005 122.71 17.036 361.44
0.29055 121.59 16.96 357.37
0.29105 119.38 16.857 352.35
0.29155 115.81 16.715 345.97
0.29205 110.86 16.505 336.83
0.29255 106.53 16.327 329.26
0.29305 103.95 16.224 324.99
0.29355 102.37 16.166 322.32
0.29405 100.8 16.094 319.21
0.29455 98.823 16.009 315.81
0.29505 96.463 15.944 313.34
0.29556 93.172 15.862 310.37
0.29606 89.468 15.775 307.4
0.29656 87.231 15.754 307.7
0.29705 89.784 15.984 318.2
0.29755 96.907 16.39 335.57
0.29805 102.98 16.662 347.55
0.29855 107.75 16.799 353.49
0.29884 110.67 16.855 355.09
0.29884 110.69 16.855 355.09
0.29934 115.3 16.925 356.53
0.29984 117.08 16.906 354.75
0.29984 117.11 16.907 354.75
0.30034 116.44 16.855 352.22
0.30084 113.4 16.756 348.15
0.30084 113.4 16.756 348.14
0.30134 109.31 16.606 341.87
0.30184 105.69 16.463 335.76
0.30234 103.25 16.369 331.53
0.30284 100.91 16.269 327.02
0.30334 98.483 16.184 323.31
0.30384 96.99 16.147 322
0.30434 96.331 16.154 322.58
0.30484 96.975 16.214 325.11
0.30534 97.17 16.219 325.64
0.30584 97.896 16.314 330.93
0.30634 101.85 16.643 349.03
0.30684 108.22 16.943 361.82
0.30734 117.07 17.263 373.06
0.30784 124.06 17.487 380.83
0.30834 127.12 17.575 383.73
0.30884 123.86 17.417 376.32
0.30934 116.15 17.089 362.35
0.30984 107.59 16.7 345.48
0.31034 102.64 16.455 334.59
0.31084 98.379 16.255 325.91
0.31134 94.618 16.113 319.89
0.31184 91.773 16.059 317.95
0.31234 88.874 16.038 317.54
0.31284 86.374 16.032 317.62
0.31334 82.884 15.942 314.22
0.31384 78.819 15.747 306.87
0.31434 78.579 15.76 308.5
0.31484 84.573 16.072 321.45
0.31535 91.82 16.315 330.81
0.31584 101.38 16.629 343.44
0.31634 112.48 17.075 361.94
0.31684 122.78 17.59 386.34
0.31734 125.87 17.814 399.59
0.31784 122.31 17.684 393.59
0.31784 122.31 17.684 393.57
0.31785 122.3 17.684 393.55
0.31835 116.96 17.372 376.49
0.31885 111.74 17.07 361.55
0.31935 107.29 16.841 350.93
0.31985 103.1 16.689 344.56
0.32035 99.143 16.565 339.46
0.32085 96.472 16.513 337.51
0.32135 93.807 16.448 334.83
0.32185 90.888 16.352 331.03
0.32235 87.406 16.209 325.55
0.32285 85.388 16.136 323.52
0.32335 86.949 16.244 329.68
0.32385 94.882 16.653 346.71
0.32435 108.13 17.255 371.42
0.32485 116.22 17.619 387.89
0.32535 116.95 17.658 391.32
0.32585 115.93 17.556 385.82
0.32635 114.17 17.39 376.58
0.32685 109.93 17.127 364.13
0.32735 105.01 16.901 354.44
0.32785 99.533 16.649 343.53
0.32835 95.729 16.497 336.9
0.32885 93.237 16.436 334.26
0.32935 89.743 16.315 329.43
0.32985 87.449 16.232 326.28
0.33035 88.246 16.259 327.72
0.33085 93.176 16.455 336.49
0.33135 104.17 16.974 359.79
0.33185 116.68 17.554 385.2
0.33235 128.71 18.165 413.71
0.33285 134.35 18.456 430.08
0.33335 128.98 18.176 416.93
0.33385 122.65 17.822 397.28
0.33435 116.67 17.486 380.05
0.33485 107.61 17.013 358.42
0.33535 100.85 16.692 344.54
0.33585 97.207 16.555 338.62
0.33635 94.21 16.481 335.55
0.33685 90.956 16.412 332.9
0.33735 88.627 16.383 332.12
0.33785 86.789 16.329 330.34
0.33835 85.581 16.257 327.82
0.33885 88.594 16.445 336.97
0.33935 97.186 16.898 357.74
0.33985 108.74 17.418 380.98
0.34035 122.18 17.981 406.16
0.34085 130.92 18.272 417.62
0.34085 130.93 18.272 417.63
0.34085 130.93 18.272 417.63
0.34135 130.89 18.195 412.93
0.34185 121.47 17.782 393.92
0.34235 110.28 17.267 370.85
0.34285 104.4 17 358.72
0.34335 103.05 16.949 355.83
0.34385 101.13 16.871 352.05
0.34435 98.269 16.767 347.47
0.34485 94.336 16.623 342.01
0.34535 88.619 16.415 333.97
0.34585 85.271 16.339 332.03
0.34635 85.486 16.405 335.7
0.34685 91.957 16.765 351.56
0.34735 102.72 17.296 375.13
0.34785 115.53 17.862 400.23
0.34835 123.05 18.22 416.76
0.34885 119.71 18.118 414.46
0.34935 114.05 17.762 397.16
0.34985 108.52 17.355 375.95
0.35035 103.93 17.064 361.33
0.35085 99.796 16.876 352.67
0.35135 96.782 16.791 349.02
0.35185 94.429 16.752 347.89
0.35235 94.135 16.807 350.66
0.35285 94.769 16.896 355.08
0.35335 96.207 17.103 366.36
0.35385 101.31 17.608 393.98
0.35435 106.39 17.933 410.76
0.35485 111.72 17.974 408.48
0.35535 114.93 17.912 401.54
0.35585 115.76 17.834 396.28
0.35635 113.77 17.738 391.93
0.35685 106.79 17.406 377.08
0.35735 101.18 17.115 364.2
0.35785 98.205 16.935 355.74
0.35835 95.035 16.779 348.7
0.35885 92.93 16.725 346.51
0.35935 91.085 16.696 345.38
0.35985 88.166 16.605 341.89
0.36 87.289 16.574 340.76
0.36 87.284 16.574 340.76
0.3605 86.828 16.602 342.58
0.361 90.926 16.828 352.93
0.3615 97.072 17.129 367.67
0.362 107.21 17.632 393.07
0.3625 120.81 18.176 415.78
0.363 131.34 18.582 432.69
0.3635 128.99 18.463 428.58
0.364 121.12 18.075 408.83
0.3645 111.09 17.568 384.25
0.365 102.63 17.109 362.65
0.3655 99.147 16.962 356.08
0.366 95.132 16.828 350.12
0.3665 91.957 16.755 347.04
0.367 88.152 16.67 344.22
0.3675 85.623 16.609 341.95
0.368 82.74 16.441 335.42
0.3685 84.459 16.514 339.51
0.369 90.953 16.812 352.8
0.3695 100.24 17.173 367.87
0.37 112.13 17.648 388.11
0.3705 124.39 18.201 413.28
0.371 127.88 18.401 423.66
0.3715 120.24 18.099 411.23
0.372 111.99 17.674 390.4
0.3725 106.9 17.336 373.08
0.373 103.04 17.122 363.09
0.3735 97.484 16.902 353.59
0.374 94.62 16.847 351.52
0.3745 95.108 16.968 356.93
0.375 94.826 16.965 356.65
0.3755 91.883 16.811 350.45
0.376 91.153 16.868 354.96
0.3765 96.22 17.259 374.23
0.377 105.71 17.797 399.3
0.3775 114.51 18.19 418.09
0.378 121.87 18.384 424.7
0.3785 125.35 18.386 421.56
0.379 122.14 18.232 414.53
0.3795 111.98 17.76 393.3
0.3798 106.46 17.466 379.4
0.3798 106.45 17.465 379.37
0.3803 101.24 17.198 366.69
0.3808 98.641 17.112 362.59
0.3813 96.916 17.092 361.55
0.3818 93.487 17.003 358.12
0.3823 89.299 16.864 352.73
0.3828 85.642 16.731 347.43
0.3833 82.636 16.557 340.43
0.3838 83.811 16.587 342.86
0.3843 91.211 16.881 355.13
0.3848 102.58 17.298 372.21
0.3853 117.99 17.95 400.54
0.3858 129.76 18.53 427.91
0.3863 131.83 18.772 444.94
0.3868 125.82 18.515 433.05
0.3873 118.58 18.114 409.65
0.3878 113.86 17.821 394.17
0.3883 109.2 17.555 381.58
0.38878 104.27 17.341 372.12
0.38878 104.27 17.341 372.11
0.38928 99.475 17.208 366.59
0.38978 94.386 17.086 361.6
0.39028 88.263 16.895 353.77
0.39078 81.856 16.627 343.16
0.39128 78.65 16.463 337.21
0.39178 83.536 16.72 348.85
0.39228 94.752 17.197 368.92
0.39278 108.75 17.803 395.64
0.39328 119.92 18.388 425.23
0.39378 123.41 18.582 435.43
0.39428 122.14 18.5 429.23
0.39478 118.1 18.233 414.98
0.39528 112.92 17.932 400.55
0.39578 106.64 17.64 387.09
0.39628 101.28 17.41 376.29
0.39678 96.776 17.259 369.73
0.39728 90.906 17.026 359.59
0.39778 87.77 16.939 356.12
0.39829 87.573 16.966 357.4
0.39878 89.898 17.034 360.17
0.39928 93.194 17.142 365.33
0.39978 99.267 17.487 382.17
0.40028 109.2 18.012 407.83
0.40078 117.1 18.299 420.32
0.40128 121.96 18.489 428.92
0.40178 121.31 18.382 422.2
0.40228 118.46 18.241 414.98
0.40278 112.29 17.938 400.21
0.40328 106.94 17.706 389.29
0.40378 101.63 17.505 380.13
0.40428 96.71 17.342 373.01
0.40478 93.723 17.264 369.65
0.40528 91.279 17.163 365.45
0.40578 88.951 17.023 359.91
0.40628 87.543 16.962 359.19
0.40678 93.333 17.285 374.71
0.40728 102.04 17.628 388.77
0.40778 112.31 18.114 410.98
0.40828 123.17 18.653 436.43
0.40878 125.98 18.828 444.85
0.40928 121.37 18.61 433.37
0.40978 114.26 18.23 414.7
0.41028 106.53 17.832 395.54
0.41078 100.33 17.573 383.9
0.41086 99.521 17.542 382.54
0.41086 99.518 17.542 382.54
0.41136 95.066 17.393 375.77
0.41186 92.639 17.343 373.47
0.41236 89.36 17.216 368.11
0.41286 85.728 17.035 360.91
0.41336 85.643 16.988 359.92
0.41386 93.394 17.339 376.49
0.41436 107.7 17.924 401.43
0.41486 119.7 18.482 427.66
0.41536 124.97 18.866 449.64
0.41586 122.35 18.748 444.29
0.41636 117.16 18.387 424.41
0.41686 111.21 18.026 405.64
0.41736 106.56 17.804 394.6
0.41786 101.88 17.615 385.53
0.41836 97.596 17.474 379.69
0.41886 92.249 17.286 371.76
0.41936 87.878 17.125 365.32
0.41986 87.436 17.101 365
0.42036 94.05 17.418 379.62
0.42086 105.94 17.983 405.95
0.42136 119.11 18.532 431.41
0.42186 128.3 18.947 450.64
0.42236 125.77 18.858 446.56
0.42286 118.48 18.516 429.45
0.42336 108.71 18.032 405.49
0.42386 100.96 17.644 387.19
0.42436 96.834 17.467 379.21
0.42486 93.467 17.331 372.75
0.42536 91.589 17.313 372
0.42586 89.411 17.237 368.91
0.42636 85.861 17.02 360.45
0.42686 90.791 17.354 377.63
0.42736 105.72 18.162 415.58
0.42786 121.12 18.933 452.57
0.42836 127.11 19.168 463.56
0.42886 124.38 18.995 453.83
0.42936 114.91 18.469 427.65
0.42986 106.53 18.008 404.64
0.43036 101.81 17.787 393.47
0.43086 99.28 17.733 390.98
0.43136 96.696 17.665 387.98
0.43186 93.433 17.472 379.18
0.43236 87.503 17.103 363.67
0.43286 85.152 17.002 360.4
0.43336 91.232 17.455 382.9
0.43386 103.43 18.203 419.65
0.43436 121.56 19.016 456.21
0.43486 130.9 19.394 476.26
0.43536 127.25 19.256 472.56
0.43536 127.24 19.255 472.53
0.43536 127.23 19.254 472.5
0.43586 119.74 18.796 447.16
0.43636 112.3 18.323 420.72
0.43686 105.45 17.986 403.85
0.43737 99.711 17.751 392.61
0.43787 95.53 17.615 386.25
0.43837 93.425 17.502 380.8
0.43887 93.101 17.445 378.5
0.43937 93.579 17.538 385.75
0.43987 99.947 18.051 416.05
0.44036 115.58 18.769 447.82
0.44086 130.55 19.334 470.19
0.44136 133 19.38 471.36
0.44186 124.7 19.02 453.71
0.44236 113.13 18.432 424.35
0.44286 107.45 18.122 408.5
0.44336 105.2 18.032 403.89
0.44386 102.01 17.942 399.84
0.44436 97.326 17.84 395.75
0.44487 91.34 17.673 388.67
0.44536 84.261 17.336 374.42
0.44586 82.357 17.212 370.76
0.44636 89.496 17.484 382.65
0.44686 98.994 17.759 393.42
0.44736 110.6 18.272 416.96
0.44786 123.33 19.018 455.13
0.44836 131.08 19.523 485.84
0.44886 127.81 19.348 476.74
0.44936 120.16 18.833 445.81
0.44986 113.33 18.466 426.08
0.45036 105.77 18.121 409.02
0.45086 99.363 17.869 397.68
0.45136 94.099 17.652 388.05
0.45186 89.472 17.442 379.21
0.45236 89.983 17.524 384.43
0.45286 98.059 17.989 406.7
0.45336 113.73 18.822 446.79
0.45386 125.23 19.402 475.17
0.45436 121.34 19.273 471.29
0.45474 115.44 18.976 456.66
0.45474 115.44 18.976 456.66
0.45524 111.14 18.621 435.29
0.45574 107.66 18.356 420.68
0.45624 101.25 18.054 406.02
0.45674 95.08 17.841 396.55
0.45724 90.848 17.732 391.69
0.45774 87.091 17.567 384.53
0.45824 85.636 17.433 379.6
0.45874 91.3 17.744 396.95
0.45924 104.72 18.39 427.6
0.45974 122.39 19.216 465.96
0.46024 132.79 19.83 502.19
0.46074 128.45 19.7 496.74
0.46124 114.98 18.928 452.71
0.46174 102.71 18.282 419.39
0.46224 96.361 17.99 404.65
0.46274 95.389 17.974 403.1
0.46324 93.18 17.834 396.62
0.46374 91.546 17.752 393.74
0.46424 90.033 17.664 390.38
0.46474 92.271 17.783 396.95
0.46524 101.49 18.383 428.13
0.46574 115.8 19.204 469.32
0.46624 122.68 19.514 484.02
0.46674 122.37 19.412 478.06
0.46724 119.55 19.202 464.96
0.46774 112.68 18.838 444.95
0.46824 104.76 18.426 424.55
0.46874 98.843 18.153 411.67
0.46924 94.772 18.012 405.05
0.46974 92.734 17.986 403.71
0.47024 89.571 17.84 396.74
0.47074 83.855 17.534 383.7
0.47124 80.614 17.384 379.15
0.47174 85.58 17.652 392.03
0.47224 95.762 18.14 414.33
0.47274 106.84 18.683 439.91
0.47324 115.52 19.154 462.49
0.47374 113.62 19.146 463.52
0.47424 107.41 18.894 452.33
0.47474 101.06 18.465 428.72
0.47524 95.039 18.121 411.06
0.47574 90.468 17.92 401.61
0.47624 86.488 17.778 395.62
0.47674 84.6 17.745 394.7
0.47724 84.813 17.745 394.59
0.47774 87.18 17.811 398.1
0.47824 88.074 17.852 401.56
0.47874 91.088 18.052 412.7
0.47924 97.209 18.413 431.85
0.47972 102.43 18.653 444.08
0.47972 102.44 18.653 444.08
0.48022 107.45 18.724 443.4
0.48073 114.66 19.028 456.05
0.48123 113.61 19.071 459.38
0.48173 107.22 18.855 450.18
0.48223 101.74 18.635 438.69
0.48273 95.678 18.345 423.46
0.48323 92.079 18.169 414.29
0.48373 90.52 18.103 410.97
0.48423 89.29 18.026 407
0.48472 86.985 17.879 400.01
0.48522 84.038 17.697 391.64
0.48572 80.588 17.504 383.52
0.48623 81.278 17.6 389.43
0.48673 84.672 17.779 397.83
0.48723 87.558 17.941 407.12
0.48773 93.461 18.29 425.44
0.48823 101.09 18.71 444.71
0.48873 104.99 18.973 456.72
0.48923 103.15 18.962 457.08
0.48972 99.889 18.82 449.2
0.49022 98.367 18.719 442.03
0.49072 97.129 18.642 436.13
0.49122 94.378 18.508 428.96
0.49173 89.814 18.287 418.64
0.49223 83.899 17.988 405.46
0.49273 80.063 17.825 398.48
0.49323 79.06 17.839 399.08
0.49373 77.279 17.792 396.98
0.49423 74.757 17.669 391.63
0.49473 72.821 17.515 384.91
0.49523 74.388 17.541 386.28
0.49573 78.752 17.689 392.69
0.49623 81.687 17.742 395.6
0.49673 85.768 17.979 408.3
0.49723 90.261 18.27 424.49
0.49773 96.625 18.646 443.69
0.49823 99.883 18.814 451.39
0.49873 102.52 18.989 460.7
0.49923 103.21 19.013 461.5
0.49973 100.44 18.883 455.24
0.5 97.937 18.767 448.97
0.5 97.927 18.767 448.94
0.5005 94.056 18.599 439.85
0.501 90.722 18.448 430.99
0.5015 86.588 18.204 418.6
0.502 86.673 18.255 420.92
0.5025 86.644 18.243 419.89
0.503 85.087 18.148 415.75
0.50351 84.444 18.142 416.47
0.50401 87.02 18.325 426.01
0.50451 90.204 18.516 436.43
0.505 92.845 18.717 448.46
0.5055 93.87 18.823 454.65
0.506 91.989 18.697 446.79
0.5065 89.374 18.536 438.23
0.507 88.901 18.524 437.37
0.50751 89.208 18.545 438.04
0.50801 90.092 18.578 438.85
0.50851 90.454 18.548 436.9
0.50901 90.049 18.5 434.82
0.50951 89.431 18.458 433.32
0.51 90.013 18.505 435.83
0.5105 91.146 18.597 440.43
0.511 93.377 18.791 450.37
0.5115 96.001 19.049 466.01
0.512 96.509 19.21 478.42
0.5125 94.194 19.088 469.16
0.513 91.869 18.93 457.98
0.5135 90.603 18.845 452.87
0.514 88.405 18.735 447.21
0.5145 86.602 18.645 443.09
0.515 84.943 18.548 438.95
0.5155 86.425 18.628 443.07
0.516 90.287 18.866 455.39
0.5165 91.787 19.093 473.06
0.517 92.717 19.206 480.74
0.5175 94.602 19.236 478.24
0.518 96.223 19.325 481.55
0.5185 95.159 19.325 481.86
0.519 92.245 19.251 478.29
0.5195 88.487 19.047 467.09
0.52 86.81 18.934 459.33
0.5205 85.57 18.833 452.97
0.521 84.997 18.756 450.64
0.5215 87.308 18.846 456.81
0.52194 93.367 19.255 480.33
0.52194 93.37 19.255 480.35
0.52244 101.67 19.994 531.24
0.52294 104.98 20.209 539.43
0.52344 103.44 20.124 530.21
0.52394 96.202 19.687 501.29
0.52444 87.395 19.13 469.9
0.52494 81.381 18.705 448.38
0.52544 79.427 18.479 438.43
0.52594 85.09 18.91 463.49
0.52644 94.549 19.888 529.94
0.52694 99.383 20.261 551.03
0.52697 99.648 20.265 550.33
0.52697 99.649 20.265 550.33
0.52732 101.93 20.239 539.44
0.52732 101.93 20.239 539.44
0.52782 100.61 19.989 517.49
0.52832 94.878 19.617 494.83
0.52882 85.107 19.044 467.26
0.52932 77.267 18.49 436.72
0.52982 72.391 18.105 416.72
0.53032 71.979 18.008 413.19
0.53082 79.137 18.433 435.5
0.53132 91.184 19.407 493.44
0.53142 93.332 19.606 506.94
0.53142 93.334 19.606 506.96
0.53192 99.566 20.104 536.87
0.53242 98.18 19.915 517.18
0.53292 92.717 19.474 488.83
0.53342 86.28 18.974 459.96
0.53392 81.538 18.63 440.89
0.53442 78.29 18.41 430.3
0.53492 75.597 18.221 422.27
0.53542 75.556 18.276 428.97
0.53592 82.34 18.748 452.84
0.53642 90.582 19.35 485.11
0.53692 94.15 19.667 504.61
0.53742 95.615 19.679 499.43
0.53792 90.7 19.33 478.89
0.53842 85.369 18.972 458.89
0.53892 80.964 18.651 442.14
0.53942 77.172 18.422 430.77
0.53992 73.731 18.21 420.88
0.54043 72.286 18.052 413.35
0.54093 74.24 18.097 415.71
0.54142 78.925 18.375 430.29
0.54192 84.704 18.791 453.35
0.54242 90.177 19.137 470.16
0.54292 90.243 19.128 469.69
0.54342 91.297 19.186 470.27
0.54392 88.888 19.015 459.02
0.54442 84.432 18.795 448.8
0.54492 83.037 18.728 445.06
0.54542 83.632 18.713 443.06
0.54592 82.699 18.592 436.33
0.54642 80.301 18.429 429.48
0.54692 78.955 18.357 426.67
0.54742 80.03 18.422 430.08
0.54792 82.266 18.625 442.8
0.54842 88.369 18.986 460.55
0.54893 93.183 19.242 473.06
0.54943 96.634 19.488 485.95
0.54993 97.571 19.635 493.45
0.55043 94.835 19.484 483.71
0.55093 93.073 19.32 472.88
0.55142 89.211 19.042 457.79
0.55192 85.093 18.858 448.68
0.55242 79.54 18.557 434.21
0.55292 76.36 18.351 424.2
0.55342 76.815 18.352 424.16
0.55392 76.7 18.245 419.68
0.55442 80.18 18.461 432.87
0.55492 89.039 18.987 459.95
0.55542 99.116 19.608 493.06
0.55593 104.18 20.079 523.34
0.55642 103.1 20.092 525.63
0.55692 97.465 19.674 498.24
0.55742 89.996 19.14 466.24
0.55792 85.834 18.859 449.94
0.55842 82.576 18.664 440.02
0.55892 79.252 18.516 435.17
0.55942 79 18.639 446.06
0.55992 86.294 19.101 467.07
0.56041 92.564 19.533 488.45
0.56041 92.57 19.533 488.47
0.56091 96.758 19.875 507.91
0.56141 95.583 19.828 506.18
0.56191 92.917 19.631 493.57
0.56241 91.572 19.522 484.8
0.56291 87.05 19.248 470.2
0.56341 82.72 18.983 456.79
0.56357 81.13 18.866 450.72
0.56357 81.147 18.866 450.7
0.56407 77.823 18.577 437.16
0.56457 80.22 18.667 443.99
0.56507 94.194 19.584 494.75
0.56557 110.72 20.871 579.5
0.56607 114.47 21.053 581.76
0.56657 107.5 20.596 546.03
0.56707 99.318 20.132 516.39
0.56757 88.451 19.486 481.28
0.56807 80.816 19.023 457.63
0.56857 76.848 18.728 442.63
0.56907 75.276 18.62 438.81
0.56957 79.008 19.091 473.5
0.57007 86.201 19.515 494.88
0.57009 86.391 19.518 494.76
0.57009 86.391 19.518 494.76
0.57059 91.604 19.662 496.43
0.57109 97.439 19.999 510.23
0.57159 96.541 20.004 509
0.57159 96.541 20.004 509
