0.0065017 329.96 12.813 191.83
0.0070032 312.13 12.678 188.19
0.0075053 295.29 12.54 184.42
0.0080093 279.32 12.396 180.43
0.0085133 264.93 12.258 176.63
0.0090166 251.82 12.12 172.81
0.0095206 238.66 11.985 169.14
0.010021 228.59 11.88 166.31
0.010523 218.14 11.763 163.15
0.011026 210.23 11.673 160.79
0.011528 200.66 11.567 158.03
0.012032 193.22 11.481 155.85
0.012534 184.84 11.376 153.14
0.013034 178.93 11.3 151.21
0.013536 171.43 11.201 148.62
0.014038 166.36 11.131 146.92
0.014542 159.69 11.029 144.28
0.015046 154.6 10.955 142.48
0.015547 149.17 10.868 140.26
0.016051 143.7 10.78 138.02
0.016552 139.07 10.706 136.17
0.017056 134.39 10.63 134.32
0.017556 130.94 10.574 132.98
0.018058 127.59 10.514 131.52
0.018561 124.21 10.453 130.07
0.019064 121.72 10.409 129.03
0.019565 119.47 10.364 127.92
0.020066 116.28 10.309 126.62
0.020566 113.64 10.262 125.55
0.021067 111.39 10.218 124.54
0.021569 108.61 10.165 123.29
0.02207 106.46 10.127 122.43
0.022571 104.81 10.099 121.82
0.023073 103.45 10.069 121.11
0.023575 101.52 10.031 120.23
0.024078 99.627 9.9928 119.39
0.024582 98.309 9.965 118.79
0.025084 96.812 9.9331 118.08
0.025584 95.062 9.8962 117.24
0.026086 93.778 9.8684 116.63
0.026588 92.657 9.8454 116.14
0.02709 91.586 9.8237 115.63
0.027592 90.515 9.8049 115.2
0.028095 89.308 9.7846 114.8
0.028597 88.239 9.7666 114.44
0.029098 87.546 9.7502 114.07
0.029599 86.772 9.735 113.74
0.0301 85.579 9.7149 113.33
0.030603 84.731 9.6994 113.02
0.031105 84.272 9.6925 112.89
0.031607 83.661 9.6814 112.66
0.032109 82.966 9.6654 112.3
0.032611 82.281 9.6578 112.15
0.033114 81.52 9.6488 112.05
0.033615 80.839 9.6358 111.78
0.034116 80.274 9.6234 111.52
0.034618 79.694 9.6113 111.27
0.035119 79.121 9.6046 111.13
0.035619 78.605 9.5976 111.01
0.036122 78.195 9.5939 110.96
0.036625 77.697 9.5931 111.04
0.037127 77.017 9.5829 110.88
0.037628 76.491 9.5761 110.71
0.038128 75.954 9.5706 110.63
0.03863 75.352 9.5641 110.53
0.039132 74.761 9.5533 110.3
0.039635 74.297 9.544 110.11
0.040137 73.911 9.5408 110.03
0.040639 73.474 9.5383 110.03
0.041512 72.75 9.5392 110.13
0.042015 72.4 9.5409 110.21
0.042516 72.157 9.5459 110.34
0.043017 71.942 9.5537 110.53
0.043518 71.757 9.5635 110.81
0.044018 71.605 9.574 111.09
0.04452 71.546 9.5876 111.45
0.045022 71.631 9.604 111.86
0.045526 71.841 9.6241 112.37
0.046028 72.074 9.6451 112.91
0.04653 72.289 9.665 113.4
0.04703 72.482 9.6833 113.82
0.047533 72.65 9.7013 114.27
0.048036 72.806 9.7213 114.78
0.048539 72.866 9.7394 115.27
0.049042 72.814 9.7547 115.69
0.049544 72.875 9.7704 116.09
0.050045 72.959 9.7835 116.41
0.050547 73.027 9.796 116.74
0.051049 73.057 9.8079 117.04
0.051554 73.077 9.8205 117.34
0.052055 73.042 9.8304 117.57
0.052559 73.001 9.8417 117.86
0.053062 72.927 9.8533 118.17
0.053566 72.824 9.8644 118.47
0.054069 72.742 9.8759 118.78
0.054572 72.723 9.8886 119.11
0.055073 72.798 9.9045 119.52
0.055574 72.926 9.9224 119.98
0.056514 73.236 9.9605 120.95
0.057014 73.367 9.9813 121.48
0.057517 73.576 10.001 121.97
0.058018 73.812 10.023 122.5
0.05852 74.037 10.044 123.02
0.059021 74.244 10.064 123.52
0.059525 74.461 10.084 123.99
0.060028 74.72 10.103 124.46
0.060529 75.013 10.122 124.95
0.061519 75.603 10.162 125.94
0.06202 75.872 10.18 126.39
0.062521 76.13 10.198 126.83
0.063023 76.393 10.217 127.32
0.063525 76.647 10.239 127.87
0.064026 76.83 10.261 128.44
0.064529 77.029 10.282 128.99
0.06503 77.259 10.301 129.45
0.065532 77.518 10.32 129.9
0.066 77.797 10.339 130.37
0.066502 78.089 10.36 130.9
0.067004 78.369 10.382 131.45
0.067505 78.637 10.401 131.93
0.068006 78.865 10.418 132.35
0.068507 78.944 10.435 132.77
0.069008 79.037 10.451 133.16
0.069508 79.116 10.467 133.56
0.07001 79.221 10.484 133.99
0.070512 79.382 10.503 134.48
0.071013 79.576 10.522 134.99
0.071513 79.768 10.542 135.5
0.072015 79.883 10.559 135.97
0.072517 79.986 10.575 136.38
0.073017 80.071 10.59 136.76
0.073519 80.135 10.604 137.14
0.074021 80.186 10.619 137.53
0.074525 80.221 10.634 137.92
0.075027 80.24 10.648 138.3
0.07553 80.233 10.661 138.66
0.076033 80.197 10.674 139.02
0.076535 80.186 10.687 139.34
0.077035 80.186 10.7 139.68
0.077538 80.229 10.716 140.1
0.078041 80.285 10.733 140.56
0.078542 80.332 10.75 141.03
0.079043 80.371 10.768 141.5
0.079543 80.386 10.785 141.98
0.080045 80.415 10.803 142.47
0.080547 80.47 10.821 142.94
0.08105 80.515 10.838 143.4
0.081551 80.558 10.855 143.88
0.082052 80.594 10.873 144.39
0.082552 80.609 10.891 144.88
0.083054 80.578 10.908 145.35
0.083556 80.499 10.924 145.81
0.084058 80.465 10.941 146.27
0.084559 80.445 10.958 146.74
0.085061 80.438 10.976 147.25
0.085563 80.445 10.995 147.79
0.086064 80.461 11.015 148.34
0.086564 80.497 11.035 148.92
0.086699 80.507 11.041 149.08
0.087202 80.509 11.062 149.68
0.087706 80.54 11.082 150.26
0.088208 80.58 11.102 150.8
0.088711 80.622 11.121 151.34
0.089215 80.663 11.14 151.88
0.089715 80.692 11.159 152.41
0.090216 80.71 11.178 152.93
0.090717 80.705 11.196 153.44
0.091217 80.717 11.215 153.98
0.091718 80.773 11.234 154.52
0.092218 80.808 11.251 155
0.092719 80.825 11.267 155.43
0.093221 80.855 11.282 155.88
0.093722 80.923 11.3 156.39
0.094223 81.018 11.321 157.02
0.094726 81.102 11.344 157.7
0.095227 81.29 11.37 158.49
0.095727 81.459 11.394 159.19
0.096227 81.624 11.417 159.86
0.096728 81.771 11.44 160.53
0.097228 81.891 11.463 161.17
0.097729 81.986 11.484 161.8
0.098231 82.027 11.504 162.35
0.098733 82.058 11.521 162.83
0.099234 82.102 11.538 163.29
0.099735 82.149 11.555 163.8
0.10024 82.193 11.575 164.37
0.10074 82.217 11.594 164.93
0.10124 82.232 11.613 165.5
0.1022 82.258 11.654 166.71
0.10271 82.299 11.674 167.29
0.10321 82.345 11.691 167.8
0.10371 82.385 11.709 168.28
0.10421 82.39 11.725 168.73
0.10471 82.38 11.74 169.18
0.10521 82.363 11.757 169.65
0.10571 82.336 11.774 170.09
0.10622 82.348 11.791 170.59
0.10672 82.425 11.811 171.15
0.10722 82.494 11.831 171.79
0.10772 82.545 11.852 172.44
0.10822 82.553 11.871 173.01
0.10872 82.522 11.888 173.51
0.10923 82.514 11.905 174.05
0.10973 82.53 11.926 174.67
0.11023 82.594 11.947 175.31
0.11073 82.649 11.968 175.93
0.11123 82.652 11.986 176.49
0.11173 82.626 12.003 176.99
0.11224 82.579 12.018 177.42
0.11274 82.563 12.034 177.88
0.11324 82.563 12.051 178.42
0.11374 82.547 12.07 179.03
0.11424 82.56 12.089 179.62
0.11474 82.534 12.105 180.11
0.11525 82.527 12.121 180.59
0.11575 82.605 12.141 181.19
0.11625 82.74 12.163 181.89
0.11675 82.857 12.186 182.59
0.11725 82.948 12.208 183.29
0.11775 83.039 12.231 184
0.11825 83.136 12.25 184.57
0.11876 83.245 12.27 185.19
0.11926 83.366 12.293 185.89
0.11976 83.428 12.312 186.48
0.12026 83.439 12.329 187.02
0.12076 83.417 12.344 187.49
0.12126 83.428 12.362 188.01
0.12176 83.471 12.382 188.64
0.12227 83.57 12.402 189.26
0.12277 83.647 12.421 189.85
0.12327 83.693 12.439 190.43
0.12377 83.743 12.459 191.04
0.12427 83.79 12.478 191.66
0.12477 83.818 12.496 192.24
0.12527 83.848 12.514 192.77
0.12577 83.821 12.528 193.23
0.12628 83.805 12.541 193.63
0.12721 83.805 12.568 194.47
0.12771 83.797 12.583 194.95
0.12821 83.763 12.598 195.42
0.12871 83.696 12.611 195.85
0.12922 83.611 12.624 196.28
0.12972 83.454 12.635 196.66
0.13022 83.246 12.644 196.94
0.13072 83.008 12.65 197.14
0.13123 82.776 12.657 197.41
0.13173 82.564 12.667 197.72
0.13223 82.399 12.678 198.13
0.13273 82.273 12.692 198.6
0.13323 82.197 12.708 199.12
0.13373 82.179 12.726 199.74
0.13423 82.165 12.745 200.37
0.13473 82.139 12.762 200.96
0.13523 82.163 12.781 201.6
0.13573 82.198 12.801 202.26
0.13624 82.134 12.814 202.71
0.13674 82.065 12.827 203.15
0.13724 82.025 12.843 203.69
0.13774 82.017 12.861 204.26
0.13825 82.022 12.877 204.81
0.13875 82.055 12.895 205.38
0.13925 82.138 12.915 206.03
0.13975 82.29 12.938 206.77
0.14025 82.467 12.961 207.53
0.14075 82.611 12.984 208.27
0.14125 82.694 13.004 208.94
0.14175 82.708 13.022 209.52
0.14225 82.692 13.039 210.07
0.14275 82.647 13.055 210.58
0.143 82.611 13.062 210.83
0.1435 82.524 13.078 211.36
0.144 82.41 13.093 211.87
0.1445 82.247 13.103 212.22
0.145 82.065 13.108 212.38
0.1455 81.698 13.11 212.48
0.146 81.304 13.111 212.5
0.14651 81.046 13.115 212.65
0.14701 80.736 13.116 212.7
0.14751 80.331 13.113 212.6
0.14801 79.89 13.108 212.44
0.14851 79.584 13.11 212.52
0.14902 79.406 13.117 212.78
0.14952 79.241 13.122 212.99
0.15002 79.092 13.128 213.2
0.15052 79.002 13.137 213.54
0.15102 79.039 13.155 214.16
0.15152 79.14 13.175 214.91
0.15202 79.239 13.195 215.62
0.15252 79.368 13.217 216.4
0.15302 79.514 13.24 217.24
0.15352 79.746 13.27 218.27
0.15402 80.09 13.305 219.51
0.15453 80.481 13.342 220.82
0.15503 80.903 13.381 222.18
0.15553 81.327 13.42 223.54
0.15603 81.646 13.453 224.64
0.15653 81.827 13.477 225.47
0.15703 81.899 13.497 226.15
0.15754 81.819 13.508 226.51
0.15804 81.631 13.513 226.64
0.15854 81.363 13.512 226.6
0.15904 81.071 13.51 226.48
0.15954 80.765 13.504 226.26
0.16004 80.47 13.498 226.02
0.16055 80.206 13.491 225.79
0.16105 79.961 13.486 225.59
0.16155 79.715 13.48 225.4
0.16205 79.47 13.474 225.17
0.16255 79.217 13.467 224.94
0.16305 78.928 13.46 224.71
0.16356 78.637 13.457 224.61
0.16451 78.062 13.454 224.58
0.16501 77.745 13.455 224.66
0.16551 77.441 13.458 224.85
0.16601 77.177 13.466 225.23
0.16651 76.947 13.476 225.7
0.16701 76.844 13.494 226.48
0.16752 76.88 13.52 227.57
0.16802 77.066 13.557 228.97
0.16852 77.346 13.596 230.46
0.16902 77.67 13.636 231.9
0.16952 78.018 13.673 233.27
0.17002 78.379 13.708 234.48
0.17052 78.816 13.741 235.61
0.17102 79.398 13.777 236.8
0.17153 80.147 13.817 238.09
0.17203 81.018 13.86 239.44
0.17253 81.863 13.898 240.59
0.17303 82.491 13.921 241.24
0.17353 82.808 13.929 241.36
0.17403 82.772 13.922 240.97
0.17454 82.39 13.904 240.19
0.17504 81.617 13.871 238.94
0.17554 80.343 13.819 237.02
0.17604 78.646 13.751 234.58
0.17654 76.67 13.672 231.87
0.17704 74.568 13.592 229.13
0.17754 72.405 13.509 226.37
0.17804 70.238 13.427 223.66
0.17855 68.204 13.349 221.12
0.17905 66.505 13.285 219.1
0.17955 65.224 13.239 217.72
0.18005 64.491 13.22 217.28
0.18055 64.504 13.242 218.29
0.18105 65.424 13.318 221.18
0.18155 67.267 13.45 225.95
0.18252 72.31 13.786 237.9
0.18302 74.202 13.906 242.03
0.18352 75.195 13.96 243.82
0.18402 76.087 13.997 245.01
0.18452 77.433 14.059 246.99
0.18552 80.724 14.2 251.4
0.18602 81.75 14.228 252.09
0.18652 81.795 14.21 251.21
0.18702 80.868 14.154 248.98
0.18752 79.256 14.071 245.87
0.18802 77.093 13.966 242.04
0.18852 74.433 13.836 237.44
0.18902 71.501 13.692 232.43
0.18952 68.662 13.554 227.71
0.19003 66.174 13.435 223.74
0.19053 64.076 13.34 220.59
0.19103 62.302 13.264 218.14
0.19153 61.003 13.216 216.65
0.19203 60.168 13.194 216.06
0.19253 59.749 13.195 216.32
0.19303 60.008 13.236 218
0.19353 61.103 13.328 221.51
0.19403 63.138 13.481 227.12
0.19453 65.845 13.672 234.01
0.19503 68.52 13.847 240.32
0.19553 70.952 13.991 245.57
0.19603 72.928 14.093 249.06
0.19653 74.197 14.149 250.71
0.19703 75.383 14.196 252.14
0.19753 76.619 14.231 252.94
0.19803 78.009 14.277 254.21
0.19853 78.951 14.304 254.9
0.19952 79.743 14.31 254.59
0.20002 78.9 14.257 252.46
0.20052 77.423 14.175 249.4
0.20102 75.267 14.064 245.39
0.20152 72.693 13.937 240.91
0.20202 70.18 13.824 237
0.20252 67.712 13.722 233.56
0.20302 65.217 13.614 229.96
0.20352 62.545 13.485 225.7
0.20402 60.584 13.397 222.89
0.20452 59.537 13.366 222
0.20503 59.426 13.387 222.86
0.20553 60.213 13.455 225.38
0.20603 61.929 13.568 229.5
0.20653 64.375 13.719 235.01
0.20703 67.105 13.887 241.16
0.20753 69.427 14.027 246.29
0.20803 71.757 14.155 251.02
0.20853 74.189 14.285 255.48
0.20903 75.793 14.357 257.67
0.20953 77.44 14.429 260.17
0.21003 78.38 14.459 260.91
0.21053 78.474 14.446 260.28
0.21152 78.156 14.406 258.47
0.21202 77.659 14.368 257.03
0.21252 77.208 14.336 255.65
0.21302 77.222 14.335 255.5
0.21353 76.768 14.31 254.56
0.21403 75.636 14.252 252.39
0.21453 74.191 14.184 250.02
0.21503 72.537 14.112 247.57
0.21553 71.071 14.06 245.79
0.21603 69.558 14.007 244.03
0.21653 67.861 13.938 241.75
0.21703 66.609 13.888 240.23
0.21753 65.814 13.868 239.69
0.21803 66.187 13.927 241.84
0.21853 67.436 14.028 245.63
0.21903 68.269 14.07 247.31
0.21953 69.279 14.126 249.5
0.22003 70.888 14.227 253.25
0.22053 73.971 14.408 259.89
0.22103 77.698 14.602 266.93
0.22153 80.894 14.764 272.71
0.22203 82.708 14.845 275.5
0.22253 82.954 14.825 274.5
0.22303 80.554 14.685 268.65
0.22353 79.13 14.62 266.03
0.2245 77.226 14.518 262.25
0.225 74.871 14.398 257.88
0.2255 73.151 14.326 255.25
0.226 72.499 14.312 254.85
0.2265 71.74 14.29 254.13
0.227 70.372 14.233 252.09
0.2275 68.817 14.164 249.67
0.228 67.074 14.084 246.96
0.22851 65.287 13.999 244.08
0.229 63.892 13.932 241.87
0.2295 63.023 13.894 240.71
0.23001 63.205 13.922 241.88
0.23051 64.224 13.995 244.61
0.23101 66.2 14.126 249.43
0.23151 68.452 14.278 255.16
0.23201 70.148 14.384 259.27
0.23251 71.483 14.459 262.08
0.23283 72.719 14.534 264.75
0.23333 74.947 14.664 269.5
0.23383 76.146 14.718 271.6
0.23433 77.344 14.755 272.59
0.23533 79.591 14.867 275.97
0.23583 79.362 14.847 275.02
0.23633 77.657 14.746 271
0.23683 76.114 14.662 267.65
0.23733 75.053 14.617 265.91
0.23783 73.626 14.553 263.54
0.23833 71.975 14.479 260.79
0.23883 70.148 14.4 257.93
0.23933 68.471 14.334 255.58
0.23983 66.823 14.268 253.3
0.24033 65.193 14.202 251
0.24084 63.818 14.151 249.2
0.24134 62.448 14.095 247.31
0.24184 61.168 14.043 245.58
0.24234 60.31 14.02 244.94
0.24284 59.684 14.007 244.66
0.24334 59.373 14.005 244.87
0.24346 59.425 14.012 245.18
0.24396 60.441 14.092 248.32
0.24446 62.724 14.256 254.38
0.24496 66.163 14.488 263
0.24546 69.161 14.673 270.01
0.24596 70.527 14.735 272.05
0.24646 71.409 14.773 273.21
0.24696 72.677 14.843 275.62
0.24746 73.465 14.895 277.37
0.24796 73.097 14.879 276.56
0.24846 71.956 14.831 274.72
0.24897 70.19 14.751 271.71
0.24947 68.966 14.707 270.08
0.24997 67.507 14.646 267.81
0.25047 66.228 14.591 265.78
0.25097 64.641 14.511 262.87
0.25147 62.827 14.42 259.58
0.25197 60.874 14.32 256.12
0.25247 58.674 14.206 252.26
0.25274 57.628 14.157 250.62
0.25324 56.431 14.121 249.64
0.25374 55.801 14.115 249.57
0.25424 55.975 14.155 251.12
0.25474 56.419 14.199 252.65
0.25524 56.315 14.185 252.02
0.25574 55.555 14.122 249.79
0.25624 54.83 14.078 248.4
0.25674 54.354 14.072 248.69
0.25724 53.786 14.038 247.75
0.25774 53.833 14.046 248.16
0.25824 54.931 14.142 251.63
0.25874 56.029 14.222 254.4
0.25924 55.985 14.205 253.77
0.25974 55.941 14.201 253.73
0.26024 56.566 14.27 256.39
0.26124 57.452 14.39 261.1
0.26174 57.517 14.421 262.31
0.26224 57.074 14.415 262.12
0.26274 56.469 14.398 261.57
0.26324 56.085 14.395 261.42
0.26374 56.159 14.435 262.87
0.26424 55.525 14.416 262.15
0.26474 54.343 14.353 259.81
0.26524 52.624 14.244 255.85
0.26575 51.259 14.156 252.59
0.26625 50.593 14.121 251.32
0.26675 50.15 14.105 250.66
0.26725 49.959 14.104 250.59
0.26775 49.349 14.061 248.94
0.26825 48.473 13.999 246.58
0.26875 47.711 13.945 244.67
0.26925 46.765 13.876 242.29
0.26975 46.333 13.862 241.9
0.27025 46.104 13.863 242.06
0.27124 45.754 13.86 242.11
0.27174 45.987 13.886 243.01
0.27224 46.228 13.897 243.39
0.27274 46.949 13.956 245.45
0.27324 48.01 14.039 248.41
0.27374 48.371 14.047 248.62
0.27424 48.882 14.085 250.06
0.27474 49.4 14.14 252.11
0.27524 49.446 14.158 252.95
0.27574 49.531 14.186 254.09
0.27625 50.123 14.265 257.21
0.27724 49.362 14.216 255.56
0.27775 48.924 14.178 254.18
0.27825 48.947 14.189 254.74
0.27875 50.013 14.298 258.98
0.27925 50.397 14.331 260.24
0.27975 50.516 14.35 260.9
0.28025 50.377 14.34 260.62
0.28075 50.542 14.365 261.55
0.28125 50.907 14.398 262.67
0.28175 50.895 14.389 262.2
0.28225 50.349 14.338 260.19
0.28325 50.637 14.392 262.18
0.28375 49.925 14.334 259.95
0.28425 49.33 14.283 257.94
0.28475 49.16 14.278 257.78
0.28525 49.323 14.31 258.92
0.28575 49.238 14.314 259.06
0.28625 49.064 14.311 258.95
0.28675 49.212 14.341 260.07
0.28725 49.573 14.387 261.8
0.28775 49.328 14.374 261.28
0.28825 48.988 14.356 260.47
0.28875 48.822 14.354 260.34
0.28925 48.73 14.366 260.71
0.28975 48.638 14.377 260.99
0.29025 48.185 14.356 260.15
0.29125 47.383 14.327 259.07
0.29175 46.78 14.285 257.52
0.29225 46.287 14.245 255.98
0.29275 45.943 14.219 255.02
0.29325 45.904 14.211 254.73
0.29375 46.478 14.262 256.53
0.29425 47.479 14.351 259.74
0.29475 48.046 14.386 260.97
0.29525 47.96 14.357 259.8
0.29575 46.817 14.229 255.06
0.29625 45.72 14.11 250.77
0.29675 45.865 14.13 251.66
0.29725 46.822 14.229 255.38
0.29775 47.418 14.283 257.49
0.29825 47.451 14.282 257.4
0.29875 47.633 14.294 257.85
0.29925 48.443 14.37 260.71
0.29975 49.025 14.425 262.78
0.30025 49.397 14.458 264.09
0.30125 49.467 14.475 264.96
0.30175 49.713 14.504 266.12
0.30225 49.06 14.45 264.16
0.30275 48.921 14.453 264.22
0.30325 48.57 14.427 263.22
0.30375 48.573 14.436 263.5
0.30425 49.354 14.52 266.61
0.30525 49.781 14.564 268.11
0.30575 49.193 14.51 266.14
0.30625 49.369 14.542 267.4
0.30675 49.647 14.574 268.63
0.30725 49.202 14.532 267.04
0.30775 48.972 14.512 266.27
0.30825 49.288 14.549 267.71
0.30875 49.746 14.602 269.69
0.30925 49.833 14.618 270.31
0.30975 49.781 14.626 270.71
0.31025 49.44 14.606 270.06
0.31075 48.811 14.556 268.24
0.31125 48.821 14.568 268.79
0.31176 49.224 14.621 270.85
0.31226 49.219 14.622 270.89
0.31276 48.756 14.582 269.48
0.31326 49.623 14.68 273.26
0.31376 50.253 14.75 275.9
0.31426 50.306 14.762 276.23
0.31525 49.603 14.729 274.91
0.31575 48.818 14.673 272.8
0.31625 48.207 14.634 271.34
0.31675 47.864 14.612 270.53
0.31725 47.73 14.609 270.43
0.31775 47.568 14.596 269.9
0.31825 47.864 14.612 270.53
0.31925 48.33 14.634 271.04
0.31975 48.445 14.644 271.38
0.32025 48.759 14.681 272.83
0.32075 48.118 14.627 270.88
0.32125 49.121 14.745 275.36
0.32175 48.393 14.684 273.06
0.32225 49.091 14.729 274.69
0.32275 48.471 14.719 274.56
0.32325 48.729 14.743 275.38
0.32376 48.37 14.693 273.44
0.32426 48.007 14.656 272.04
0.32476 48.405 14.687 273.2
0.32526 49.011 14.747 275.46
0.32576 49.055 14.748 275.48
0.32626 48.307 14.681 272.96
0.32676 49.776 14.836 278.92
0.32726 49.447 14.816 278.16
0.32776 48.959 14.784 277
0.32826 48.742 14.77 276.52
0.3285 49.478 14.794 277.26
0.329 48.491 14.761 276.22
0.3295 48.191 14.727 274.89
0.33 48.667 14.776 276.8
0.331 49.21 14.822 278.45
0.3315 49.304 14.829 278.73
0.332 48.812 14.791 277.31
0.3325 49.968 14.907 281.78
0.333 49.891 14.893 281.19
0.3335 49.968 14.907 281.78
0.3345 48.686 14.821 278.69
0.335 47.723 14.735 275.39
0.3355 49.454 14.877 280.74
0.336 49.152 14.858 280.1
0.3365 48.086 14.818 278.81
0.337 48.348 14.848 279.95
0.33751 47.352 14.721 274.98
0.33801 47.556 14.756 276.32
0.33801 47.556 14.756 276.32
