0.01 16.069 13.324 233.34
0.010503 16.962 13.451 236.69
0.011003 17.754 13.623 241.79
0.011506 19.324 13.847 248.23
0.012007 20.083 13.812 247
0.012507 20.468 13.778 245.25
0.013008 21.254 13.793 245.09
0.013509 22.138 13.827 245.48
0.01401 22.98 13.861 246.05
0.01451 23.887 13.911 247.19
0.015 24.682 13.938 247.6
0.015502 25.465 13.977 248.59
0.016002 26.174 13.992 248.61
0.016503 26.838 14.017 249.18
0.017003 27.422 14.029 249.27
0.017503 27.943 14.042 249.5
0.018009 28.446 14.055 249.77
0.01851 28.904 14.061 249.67
0.01901 29.415 14.082 250.2
0.019511 29.886 14.089 250.31
0.02 30.331 14.117 251.23
0.020502 30.803 14.147 252.02
0.021005 31.209 14.155 252.14
0.021506 31.539 14.168 252.59
0.022007 31.931 14.196 253.48
0.022507 32.244 14.204 253.53
0.02301 32.489 14.206 253.53
0.023513 32.808 14.227 254.23
0.024016 33.083 14.231 254.2
0.02452 33.307 14.232 254.2
0.025002 33.552 14.251 254.8
0.025504 33.772 14.256 254.8
0.026006 33.948 14.253 254.59
0.026508 34.111 14.267 255.15
0.027009 34.289 14.276 255.34
0.02751 34.439 14.271 255
0.028012 34.558 14.282 255.48
0.028515 34.721 14.3 256.08
0.029016 34.901 14.303 256
0.029517 35.031 14.309 256.22
0.030003 35.162 14.324 256.85
0.030504 35.376 14.348 257.7
0.031004 35.589 14.367 258.26
0.031505 35.711 14.368 258.25
0.032006 35.845 14.382 258.84
0.032509 35.994 14.403 259.6
0.033011 36.165 14.416 260.02
0.033511 36.257 14.411 259.74
0.034011 36.314 14.413 259.84
0.034512 36.39 14.422 260.25
0.035005 36.526 14.439 260.93
0.035507 36.611 14.446 261.09
0.036012 36.596 14.427 260.3
0.036513 36.668 14.43 260.37
0.037013 36.794 14.445 261.01
0.037513 36.92 14.466 261.97
0.038015 37.043 14.487 262.76
0.038517 37.154 14.492 262.74
0.03902 37.226 14.492 262.65
0.039521 37.309 14.504 263.25
0.040007 37.378 14.522 264.04
0.040507 37.409 14.535 264.53
0.041011 37.388 14.533 264.25
0.041513 37.336 14.521 263.73
0.042014 37.343 14.53 264.12
0.042517 37.385 14.549 264.98
0.043017 37.455 14.568 265.65
0.043521 37.478 14.569 265.48
0.044025 37.492 14.562 265.11
0.044526 37.579 14.572 265.48
0.045008 37.667 14.586 266.08
0.045509 37.753 14.601 266.69
0.046012 37.827 14.617 267.36
0.046512 37.881 14.629 267.86
0.047014 37.94 14.642 268.39
0.047516 37.967 14.652 268.87
0.048017 38.019 14.662 269.26
0.048518 38.079 14.673 269.54
0.049019 38.051 14.662 268.97
0.049521 38.08 14.664 269.03
0.05001 38.147 14.68 269.76
0.050512 38.231 14.701 270.78
0.051014 38.293 14.715 271.26
0.051514 38.216 14.699 270.34
0.052017 38.092 14.681 269.53
0.052521 38.014 14.683 269.69
0.053021 37.964 14.701 270.66
0.053523 37.925 14.719 271.36
0.054027 37.768 14.7 270.42
0.05453 37.728 14.7 270.38
0.055015 37.817 14.725 271.56
0.055517 37.924 14.751 272.7
0.05602 37.934 14.753 272.53
0.056522 37.83 14.734 271.56
0.057026 37.691 14.72 270.93
0.057527 37.556 14.712 270.6
0.058029 37.44 14.709 270.51
0.058533 37.369 14.716 270.89
0.059035 37.354 14.732 271.65
0.059536 37.369 14.752 272.6
0.060014 37.405 14.769 273.37
0.060516 37.448 14.781 273.69
0.061018 37.415 14.775 273.27
0.061522 37.366 14.768 272.87
0.062026 37.288 14.765 272.73
0.062529 37.211 14.764 272.71
0.063032 37.147 14.767 272.87
0.063534 37.074 14.772 273.08
0.064035 37.006 14.777 273.36
0.064536 36.948 14.785 273.71
0.065019 36.931 14.797 274.27
0.065523 36.946 14.813 275.03
0.066023 36.983 14.831 275.89
0.066523 37.012 14.848 276.61
0.067023 37.008 14.858 277.13
0.067527 36.98 14.865 277.42
0.068031 36.938 14.868 277.53
0.068532 36.874 14.867 277.46
0.069032 36.821 14.868 277.47
0.069536 36.761 14.871 277.56
0.069996 36.702 14.873 277.67
0.070001 36.682 14.872 277.65
0.070501 36.628 14.875 277.79
0.071002 36.596 14.881 278.03
0.071507 36.577 14.884 278.12
0.072009 36.606 14.886 278.29
0.072514 36.578 14.897 278.75
0.073018 36.619 14.908 279.25
0.073523 36.691 14.921 279.76
0.074024 36.729 14.931 280.1
0.074525 36.718 14.934 280.23
0.074998 36.677 14.935 280.23
0.0755 36.631 14.937 280.27
0.076002 36.599 14.941 280.43
0.076503 36.582 14.947 280.73
0.077005 36.573 14.957 281.2
0.077507 36.59 14.972 281.94
0.078012 36.61 14.986 282.67
0.078515 36.619 14.997 283.19
0.079015 36.618 15.005 283.53
0.079517 36.614 15.012 283.74
0.08 36.604 15.016 283.87
0.080504 36.597 15.019 283.96
0.081007 36.608 15.025 284.2
0.081507 36.624 15.032 284.47
0.08201 36.635 15.04 284.79
0.08251 36.646 15.049 285.19
0.083011 36.68 15.063 285.85
0.083512 36.723 15.078 286.53
0.084013 36.776 15.093 287.24
0.084518 36.815 15.106 287.79
0.085 36.839 15.115 288.15
0.085503 36.857 15.122 288.45
0.086005 36.872 15.129 288.71
0.086505 36.877 15.135 288.93
0.087011 36.891 15.142 289.25
0.087514 36.902 15.15 289.58
0.088016 36.908 15.159 289.91
0.088519 36.906 15.166 290.17
0.089023 36.906 15.173 290.46
0.089525 36.906 15.181 290.73
0.090007 36.915 15.186 291.02
0.090508 36.918 15.192 291.32
0.091013 36.917 15.199 291.64
0.091514 36.905 15.206 291.9
0.092017 36.901 15.214 292.29
0.092521 36.891 15.226 292.63
0.093025 36.898 15.234 293.08
0.093527 36.906 15.242 293.51
0.094031 36.911 15.252 293.93
0.094532 36.911 15.26 294.37
0.095012 36.906 15.27 294.78
0.095454 36.905 15.28 295.21
0.095457 36.905 15.28 295.21
0.095963 36.899 15.287 295.55
0.096463 36.901 15.293 295.89
0.096971 36.89 15.3 296.11
0.097474 36.871 15.304 296.3
0.097977 36.851 15.309 296.51
0.098478 36.826 15.317 296.72
0.09898 36.803 15.321 296.85
0.099481 36.786 15.324 297.05
0.099985 36.759 15.329 297.2
0.10046 36.725 15.331 297.33
0.10097 36.691 15.332 297.5
0.10147 36.668 15.337 297.79
0.10198 36.645 15.352 298.19
0.10249 36.642 15.361 298.72
0.10299 36.636 15.37 299.13
0.10349 36.634 15.38 299.53
0.10399 36.633 15.388 299.87
0.1045 36.616 15.395 300.16
0.105 36.585 15.4 300.34
0.10546 36.56 15.402 300.52
0.10596 36.532 15.406 300.72
0.10647 36.512 15.412 300.97
0.10697 36.502 15.421 301.33
0.10747 36.5 15.433 301.81
0.10797 36.489 15.442 302.26
0.10848 36.474 15.45 302.69
0.10898 36.448 15.456 303.06
0.10948 36.421 15.464 303.41
0.10999 36.404 15.471 303.83
0.11046 36.391 15.479 304.2
0.11096 36.374 15.49 304.55
0.11146 36.36 15.493 304.85
0.11197 36.328 15.496 305.01
0.11247 36.276 15.501 305.09
0.11297 36.22 15.502 305.15
0.11348 36.172 15.506 305.28
0.11398 36.131 15.51 305.45
0.11448 36.089 15.511 305.57
0.11498 36.061 15.511 305.78
0.11546 36.03 15.518 305.95
0.11597 35.99 15.524 306.1
0.11647 35.948 15.528 306.25
0.11698 35.903 15.532 306.46
0.11748 35.855 15.537 306.63
0.11798 35.826 15.54 306.94
0.11848 35.79 15.544 307.16
0.11898 35.74 15.546 307.27
0.11948 35.686 15.547 307.34
0.11999 35.63 15.55 307.4
0.12047 35.576 15.558 307.51
0.12097 35.518 15.558 307.58
0.12147 35.462 15.555 307.67
0.12197 35.398 15.559 307.75
0.12247 35.33 15.559 307.77
0.12298 35.276 15.56 307.88
0.12348 35.229 15.562 308.03
0.12398 35.187 15.569 308.19
0.12448 35.154 15.571 308.42
0.12499 35.116 15.573 308.59
0.12547 35.08 15.578 308.79
0.12597 35.042 15.581 308.98
0.12648 35.007 15.586 309.22
0.12698 34.976 15.594 309.51
0.12749 34.956 15.6 309.83
0.12799 34.944 15.6 310.19
0.12849 34.938 15.611 310.65
0.129 34.927 15.625 311.04
0.1295 34.909 15.629 311.3
0.13 34.886 15.636 311.6
0.13047 34.869 15.644 311.91
0.13098 34.855 15.651 312.31
0.13148 34.852 15.656 312.77
0.13198 34.853 15.667 313.22
0.13249 34.841 15.676 313.56
0.13299 34.815 15.681 313.79
0.13349 34.782 15.687 313.98
0.134 34.75 15.692 314.15
0.1345 34.731 15.693 314.36
0.135 34.71 15.697 314.62
0.13548 34.678 15.703 314.79
0.13598 34.642 15.707 314.89
0.13648 34.601 15.709 314.97
0.13698 34.559 15.713 315.07
0.13748 34.517 15.719 315.17
0.13799 34.453 15.717 315.08
0.1385 34.37 15.708 314.86
0.139 34.288 15.705 314.74
0.1395 34.206 15.703 314.57
0.14 34.116 15.697 314.27
0.14 34.115 15.697 314.27
0.1405 34.035 15.695 314.11
0.14101 33.951 15.693 313.93
0.14151 33.872 15.686 313.77
0.14202 33.81 15.682 313.75
0.14252 33.748 15.68 313.69
0.14302 33.695 15.681 313.72
0.14352 33.652 15.685 313.9
0.14403 33.622 15.692 314.22
0.14453 33.605 15.7 314.65
0.145 33.601 15.708 315.09
0.1455 33.603 15.717 315.61
0.146 33.616 15.724 316.17
0.14651 33.648 15.737 316.91
0.14701 33.676 15.757 317.69
0.14751 33.706 15.772 318.42
0.14801 33.747 15.786 319.16
0.14851 33.786 15.801 319.83
0.14902 33.816 15.814 320.37
0.14952 33.826 15.819 320.74
0.15 33.834 15.824 321.13
0.15051 33.851 15.837 321.6
0.15101 33.862 15.845 321.98
0.15151 33.868 15.854 322.36
0.15201 33.863 15.864 322.69
0.15251 33.849 15.869 322.89
0.15301 33.822 15.872 322.95
0.15352 33.779 15.871 322.81
0.15402 33.723 15.865 322.57
0.15453 33.651 15.863 322.26
0.155 33.582 15.86 321.94
0.15551 33.501 15.853 321.5
0.15601 33.407 15.843 320.94
0.15651 33.32 15.835 320.45
0.15701 33.231 15.826 319.95
0.15751 33.148 15.817 319.55
0.15802 33.079 15.811 319.26
0.15852 33.003 15.804 318.92
0.15902 32.917 15.797 318.6
0.15952 32.846 15.793 318.51
0.16 32.808 15.795 318.71
0.16051 32.781 15.801 319.09
0.16101 32.766 15.81 319.63
0.16151 32.763 15.822 320.29
0.16201 32.767 15.835 321.08
0.16251 32.797 15.854 322.11
0.16301 32.863 15.877 323.3
0.16352 32.942 15.898 324.39
0.16402 33.024 15.918 325.41
0.16452 33.105 15.938 326.4
0.165 33.193 15.958 327.38
0.16551 33.3 15.98 328.42
0.16601 33.406 16 329.34
0.16651 33.488 16.015 329.98
0.16701 33.543 16.027 330.41
0.16751 33.589 16.039 330.86
0.16801 33.649 16.054 331.43
0.16852 33.69 16.067 331.87
0.16902 33.652 16.069 331.86
0.16952 33.526 16.061 331.46
0.17001 33.372 16.05 331.02
0.17051 33.23 16.04 330.52
0.17101 33.081 16.024 329.65
0.17151 32.889 15.998 328.29
0.17201 32.702 15.972 326.95
0.17251 32.573 15.954 325.93
0.17301 32.507 15.943 325.22
0.17351 32.431 15.929 324.43
0.17401 32.279 15.903 323.19
0.17451 32.126 15.879 322.08
0.17501 32.043 15.867 321.61
0.17551 32.005 15.866 321.59
0.17601 31.974 15.869 321.76
0.17651 31.92 15.87 321.87
0.17701 31.873 15.873 322.09
0.17751 31.867 15.888 322.89
0.17801 31.885 15.91 324.15
0.17851 31.879 15.924 325.09
0.17901 31.885 15.932 325.68
0.17951 31.956 15.943 326.27
0.18001 32.108 15.962 327.08
0.18051 32.35 15.995 328.52
0.18101 32.63 16.04 330.58
0.18151 32.91 16.089 332.81
0.18201 33.118 16.123 334.32
0.18251 33.137 16.125 334.22
0.18301 33.006 16.106 333.14
0.18351 32.88 16.095 332.43
0.18401 32.807 16.096 332.2
0.18451 32.707 16.09 331.7
0.18501 32.474 16.061 330.2
0.18502 32.465 16.06 330.14
0.18502 32.471 16.06 330.14
0.18552 32.179 16.022 328.26
0.18603 31.98 15.998 327.01
0.18653 31.823 15.977 325.91
0.18703 31.618 15.945 324.47
0.18753 31.384 15.918 323.21
0.18803 31.259 15.904 322.46
0.18853 31.142 15.889 321.66
0.18903 30.984 15.869 320.68
0.18953 30.831 15.851 319.78
0.19002 30.704 15.833 318.9
0.19052 30.551 15.809 317.79
0.19103 30.416 15.791 316.95
0.19153 30.347 15.784 316.68
0.19203 30.306 15.78 316.53
0.19253 30.272 15.775 316.38
0.19303 30.266 15.775 316.48
0.19353 30.318 15.785 317
0.19403 30.495 15.817 318.58
0.19453 30.69 15.866 321.06
0.19503 30.931 15.931 324.4
0.19553 31.207 15.999 327.87
0.19603 31.413 16.052 330.63
0.19653 31.501 16.08 332.21
0.19703 31.561 16.1 333.24
0.19753 31.727 16.13 334.65
0.19803 31.931 16.159 335.85
0.19853 32.083 16.176 336.35
0.19903 32.174 16.187 336.45
0.19953 32.245 16.198 336.64
0.20003 32.217 16.195 336.26
0.20053 31.996 16.171 334.92
0.20103 31.762 16.151 333.77
0.20153 31.618 16.139 332.93
0.20203 31.459 16.12 331.82
0.20253 31.197 16.086 330.11
0.20303 30.885 16.045 328.13
0.20353 30.621 16.01 326.42
0.20403 30.373 15.971 324.59
0.20442 30.181 15.941 323.18
0.20443 30.181 15.94 323.17
0.20493 29.997 15.916 322.03
0.20543 29.893 15.905 321.51
0.20593 29.831 15.9 321.26
0.20643 29.743 15.893 320.93
0.20693 29.648 15.887 320.6
0.20743 29.576 15.885 320.41
0.20793 29.468 15.877 320.04
0.20843 29.346 15.87 319.68
0.20893 29.189 15.859 319.21
0.20942 29.088 15.858 319.21
0.20993 28.994 15.854 319.08
0.21043 28.887 15.845 318.77
0.21093 28.824 15.838 318.58
0.21143 28.763 15.825 318.12
0.21193 28.749 15.817 317.84
0.21243 28.769 15.811 317.63
0.21293 28.794 15.801 317.24
0.21343 28.838 15.792 316.89
0.21393 28.919 15.786 316.7
0.21442 29.035 15.784 316.68
0.21493 29.225 15.799 317.37
0.21543 29.432 15.829 318.8
0.21593 29.696 15.883 321.4
0.21643 30.05 15.956 324.87
0.21693 30.338 16.018 327.88
0.21743 30.459 16.046 329.41
0.21793 30.431 16.054 330.04
0.21843 30.495 16.084 331.58
0.21893 30.561 16.109 332.68
0.21943 30.457 16.098 331.91
0.21993 30.2 16.061 329.95
0.22043 29.974 16.036 328.58
0.22093 29.914 16.036 328.28
0.22143 29.921 16.04 328.22
0.22193 29.876 16.037 327.92
0.22243 29.75 16.024 327.24
0.22293 29.622 16.01 326.51
0.22343 29.493 15.992 325.65
0.22393 29.355 15.975 324.82
0.22443 29.266 15.967 324.4
0.22493 29.177 15.96 324.04
0.22543 29.008 15.937 323.01
0.22593 28.776 15.904 321.56
0.22643 28.565 15.879 320.47
0.22693 28.405 15.865 319.83
0.22743 28.289 15.856 319.38
0.22793 28.113 15.834 318.36
0.22843 27.966 15.821 317.74
0.22869 27.925 15.82 317.68
0.2287 27.925 15.82 317.68
0.2292 27.851 15.817 317.49
0.2297 27.738 15.807 316.99
0.2302 27.635 15.797 316.58
0.2307 27.569 15.791 316.3
0.2312 27.513 15.784 315.98
0.2317 27.446 15.773 315.44
0.2322 27.446 15.772 315.36
0.2327 27.472 15.772 315.31
0.2332 27.516 15.77 315.21
0.23369 27.545 15.761 314.76
0.23419 27.511 15.74 313.86
0.2347 27.525 15.735 313.66
0.2352 27.559 15.739 313.81
0.2357 27.574 15.746 314.1
0.2362 27.543 15.747 314.12
0.2367 27.465 15.742 313.99
0.2372 27.433 15.745 314.14
0.2377 27.406 15.744 314.11
0.2382 27.373 15.739 313.9
0.2387 27.35 15.734 313.72
0.2392 27.351 15.729 313.54
0.2397 27.387 15.728 313.5
0.2402 27.448 15.73 313.58
0.2407 27.518 15.733 313.71
0.2412 27.578 15.734 313.73
0.2417 27.628 15.738 313.92
0.2422 27.658 15.742 314.08
0.2427 27.671 15.746 314.24
0.2432 27.703 15.753 314.55
0.2437 27.699 15.758 314.76
0.2442 27.702 15.767 315.22
0.2447 27.709 15.776 315.67
0.2452 27.674 15.778 315.84
0.2457 27.629 15.784 316.16
0.2462 27.623 15.798 316.84
0.2467 27.64 15.807 317.29
0.2472 27.6 15.806 317.29
0.2477 27.561 15.808 317.41
0.2482 27.561 15.815 317.7
0.2487 27.558 15.822 317.99
0.2492 27.54 15.832 318.39
0.2497 27.496 15.839 318.69
0.2502 27.415 15.842 318.85
0.2507 27.307 15.844 318.94
0.2512 27.154 15.837 318.62
0.2517 27.058 15.841 318.81
0.2522 26.95 15.837 318.59
0.2527 26.851 15.835 318.45
0.2532 26.72 15.826 318.05
0.2537 26.58 15.817 317.61
0.2542 26.467 15.81 317.27
0.2547 26.283 15.786 316.24
0.2552 26.187 15.781 316.01
0.2557 26.1 15.771 315.52
0.2562 25.971 15.753 314.72
0.2567 25.913 15.747 314.4
0.2572 25.899 15.744 314.23
0.2577 25.91 15.743 314.15
0.2582 25.919 15.743 314.15
0.2582 25.919 15.743 314.15
0.2582 25.919 15.743 314.15
0.25871 25.952 15.748 314.36
0.25921 25.96 15.747 314.27
0.25971 25.951 15.743 314.09
0.26021 25.973 15.743 314.09
0.26071 26.021 15.745 314.12
0.26121 26.06 15.742 313.95
0.26171 26.089 15.737 313.73
0.26221 26.099 15.731 313.46
0.26271 26.097 15.725 313.18
0.2632 26.065 15.719 312.94
0.2637 26.012 15.715 312.82
0.26421 25.964 15.715 312.86
0.26471 25.909 15.717 313.06
0.26521 25.865 15.722 313.4
0.26571 25.802 15.723 313.56
0.26621 25.798 15.736 314.22
0.26671 25.81 15.75 314.91
0.26721 25.875 15.774 316
0.26771 25.926 15.791 316.77
0.2682 25.993 15.806 317.44
0.2687 26.08 15.812 317.78
0.26921 26.042 15.785 316.62
0.26971 26.058 15.783 316.58
0.27021 26.236 15.817 318.1
0.27071 26.421 15.852 319.65
0.27121 26.488 15.862 320.16
0.27171 26.52 15.868 320.49
0.27221 26.599 15.884 321.25
0.27271 26.704 15.903 322.1
0.2732 26.766 15.913 322.56
0.2737 26.771 15.918 322.78
0.27421 26.803 15.933 323.47
0.27471 26.859 15.948 324.11
0.27521 26.826 15.947 324.07
0.27571 26.767 15.943 323.85
0.2761 26.73 15.941 323.68
0.2761 26.73 15.941 323.68
0.2766 26.659 15.934 323.34
0.2771 26.654 15.942 323.64
0.2776 26.692 15.954 324.11
0.2781 26.655 15.956 324.11
0.2786 26.584 15.956 324.07
0.2791 26.484 15.95 323.74
0.2796 26.396 15.952 323.77
0.2801 26.312 15.955 323.84
0.2806 26.163 15.949 323.54
0.2811 26.031 15.944 323.34
0.2816 25.914 15.939 323.12
0.2821 25.82 15.933 322.87
0.2826 25.746 15.927 322.61
0.2831 25.74 15.934 322.89
0.2836 25.742 15.94 323.13
0.2841 25.694 15.938 322.98
0.2846 25.641 15.936 322.89
0.2851 25.572 15.93 322.59
0.2856 25.47 15.916 321.97
0.2861 25.376 15.908 321.65
0.2866 25.373 15.914 321.87
0.2871 25.363 15.912 321.79
0.2876 25.395 15.915 321.9
0.2881 25.414 15.913 321.77
0.2886 25.44 15.913 321.81
0.2891 25.445 15.912 321.76
0.2896 25.488 15.924 322.32
0.2901 25.498 15.928 322.48
0.2906 25.451 15.924 322.33
0.2911 25.426 15.927 322.46
0.2916 25.41 15.937 322.9
0.2921 25.386 15.953 323.59
0.29259 25.304 15.95 323.47
0.29259 25.304 15.95 323.47
0.29309 25.189 15.941 323.14
0.29359 25.113 15.942 323.17
0.29409 25.061 15.94 323.07
0.29459 24.975 15.929 322.58
0.29509 24.971 15.934 322.81
0.29559 25.013 15.943 323.15
0.29609 24.966 15.933 322.69
0.29659 24.987 15.938 322.93
0.29709 25.054 15.946 323.22
0.29759 25.08 15.947 323.21
0.29809 25.111 15.952 323.41
0.29859 25.112 15.951 323.39
0.29909 25.064 15.942 323
0.29959 25.059 15.943 323.03
0.3001 25.075 15.949 323.35
0.3006 25.049 15.952 323.54
0.3011 25.025 15.961 324.03
0.3016 24.979 15.968 324.39
0.3021 24.934 15.971 324.6
0.30259 24.923 15.978 324.99
0.30309 24.955 15.988 325.48
0.30359 24.992 15.993 325.77
0.30409 25.016 15.997 326.02
0.30459 25.052 16.006 326.53
0.30509 25.056 16 326.39
0.30559 25.019 15.983 325.75
0.30609 25.127 16.006 326.89
0.30659 25.186 16.018 327.47
0.30709 25.189 16.026 327.93
0.30759 25.236 16.046 328.9
0.30809 25.23 16.043 328.72
0.30859 25.182 16.028 328.02
0.30909 25.209 16.03 328.05
0.30959 25.243 16.034 328.19
0.31009 25.217 16.026 327.75
0.31059 25.17 16.014 327.24
0.31062 25.167 16.014 327.22
0.31062 25.166 16.014 327.22
0.31112 25.126 16.011 327.09
0.31163 25.11 16.016 327.32
0.31213 25.114 16.025 327.73
0.31263 25.101 16.031 327.98
0.31313 25.017 16.024 327.72
0.31363 24.965 16.023 327.67
0.31413 24.924 16.02 327.52
0.31463 24.863 16.015 327.31
0.31513 24.879 16.027 327.89
0.31562 24.873 16.035 328.24
0.31612 24.883 16.046 328.76
0.31662 24.84 16.042 328.61
0.31712 24.773 16.036 328.36
0.31762 24.789 16.048 328.83
0.31812 24.778 16.052 329.01
0.31862 24.764 16.057 329.25
0.31913 24.777 16.064 329.57
0.31963 24.746 16.056 329.24
0.32013 24.765 16.061 329.41
0.32062 24.821 16.071 329.83
0.32112 24.817 16.068 329.68
0.32162 24.829 16.076 330.04
0.32212 24.832 16.085 330.49
0.32263 24.817 16.09 330.76
0.32313 24.803 16.093 330.93
0.32363 24.76 16.095 331.06
0.32413 24.765 16.104 331.47
0.32463 24.783 16.112 331.79
0.32513 24.772 16.11 331.67
0.32562 24.72 16.096 331.02
0.32612 24.729 16.101 331.21
0.32663 24.716 16.101 331.15
0.32713 24.64 16.091 330.73
0.32763 24.609 16.095 330.93
0.32813 24.567 16.094 330.88
0.32863 24.521 16.092 330.82
0.32913 24.494 16.093 330.87
0.32939 24.487 16.094 330.91
0.32939 24.487 16.094 330.91
